k
         out_zone_percent [(48.8, 51.2, 52.5), (49.0, 51.4, 54.1)]
         z_swing_percent [(63.0, 66.2, 68.7), (64.4, 67.5, 69.7)]
         oz_swing_percent [(26.3, 29.6, 32.4), (25.5, 27.9, 31.2)]
         iz_contact_percent [(78.8, 81.3, 85.1), (80.2, 83.2, 85.8)]
         oz_contact_percent [(49.1, 55.8, 61.5), (50.6, 57.4, 64.7)]
         whiff_percent [(22.4, 26.5, 29.9), (20.6, 23.8, 28.0)]
         f_strike_percent [(57.7, 62.0, 66.3), (55.7, 60.1, 65.0)]
         swing_percent [(44.9, 47.1, 49.9), (44.7, 46.7, 49.1)]
         z_swing_miss_percent [(14.6, 18.3, 20.9), (13.6, 16.1, 19.2)]
         oz_swing_miss_percent [(38.2, 43.8, 50.7), (34.5, 41.9, 49.0)]
bb_allowed
         out_zone_percent [(49.4, 51.5, 54.1), (48.0, 50.8, 52.2)]
         z_swing_percent [(63.6, 66.7, 68.9), (63.3, 66.7, 69.5)]
         oz_swing_percent [(25.5, 27.7, 31.4), (26.4, 29.7, 32.4)]
         iz_contact_percent [(79.2, 82.4, 85.6), (79.4, 82.7, 85.7)]
         oz_contact_percent [(50, 56.3, 63), (50.6, 56.8, 62.8)]
         whiff_percent [(21.1, 25.5, 28.7), (21.8, 24.9, 28.5)]
         f_strike_percent [(56.7, 60.2, 65), (57.5, 62.0, 66.2)]
         swing_percent [(44.3, 46.6, 48.9), (45.5, 47.4, 49.9)]
         z_swing_miss_percent [(14.2, 16.9, 20.7), (14.1, 16.6, 20.3)]
         oz_swing_miss_percent [(37, 43.1, 50), (37.0, 42.9, 49.0)]
h_allowed
         out_zone_percent [(48.7, 50.8, 53), (49.5, 51.5, 53.9)]
         z_swing_percent [(63.8, 66.7, 69.4), (63.4, 66.7, 69.2)]
         oz_swing_percent [(25.8, 28.8, 31.7), (25.8, 28.2, 32.4)]
         iz_contact_percent [(79.3, 82.3, 85.6), (79.3, 82.7, 85.7)]
         oz_contact_percent [(50.6, 56.7, 62.9), (50.0, 56.8, 63.0)]
         whiff_percent [(21.7, 25.1, 28.8), (21.5, 25.4, 28.7)]
         f_strike_percent [(57.1, 60.6, 65.2), (57.0, 60.4, 65.6)]
         swing_percent [(44.9, 46.8, 49.7), (44.8, 46.7, 49.2)]
         z_swing_miss_percent [(14.2, 17.2, 20.6), (14.2, 16.7, 20.6)]
         oz_swing_miss_percent [(37.1, 43.1, 49.4), (37.0, 43.1, 50.0)]