1197891
1203092
1206567
1208864
1213226
1213292
1214468
1214475
1215158
1215162
1218977
1219792
1219794
1219846
1220455
1253069
1262766
1272536
1284421
1298608
1312038
1312040
1313533
1337952
1350533
1373518
1374498
1425209
1446781
1493815
1494869
1509112
1520410
1520426
1532743
1534133
1534830
1534836
1559677
1565373
1569897
1569902
1571486
1571487
1573319
1573320
1573327
1574208
1577362
1589489
1595666
1599080
1622476
1624572
1624720
1636329
1650224
1650811
1655727
1672678
1674307
1676755
1700870
1703222
1745762
1789115
1789377
1808562
1808568
1808569
1819055
1843753
1849429
1856837
1896072
1898862
1907610
1931614
1931617
1931628
1933002
1973754
1983718
1983732
1984339
2097420
2104431
2106145
2111424
2113177
2118336
2124510
2207507
2209739
2225453
2225486
2225607
2225679
2250797
2271630
2285754
2320203
2363647
2385176
2422551
2450199
2477526
2486338
2486344
2486345
2508893
2508914
2508961
2519158
2521459
2523654
2524678
2542844
2542851
2589424
2590843
2592251
2592265
2593345
2595125
2641107
2656974
2663757
2706817
2710254
2712207
2764770
2767380
2767393
2767397
2767434
2767448
2767455
2767465
2767490
2774053
2796535
2802868
2806075
2850034
2852247
2862539
2862547
2862678
2862709
2862715
2862770
2862821
2880062
2892120
2898213
2898380
2914034
2914038
2914709
2929801
2943109
2964906
2988560
3004776
3007852
3018088
3040410
3045100
3075129
3075133
3090807
3109768
3109855
3109863
3135640
3160295
3172611
3244429
3244430
3250384
3250647
3259293
3278024
3278030
3278290
3336421
3345654
3345655
3368897
3371597
3371604
3378664
3389736
3389738
3403413
3484030
3582387
3605671
3687351
3690954
3692822
3699366
3707669
3739016
3752721
3753921
3762151
3766523
3768106
3786000
3805548
3807495
3807568
3828332
3829544
3876988
3880292
3889065
3903139
3920678
3962549
3962576
3970863
3978436
4049007
4050445
4050456
4050475
4055189
4067984
4068051
4069660
4069817
4074661
4076598
4086297
4201224
4218167
4230653
4275627
4328108
4336666
4340783
4354254
4356995
4390296
4399094
4404531
4414124
4414610
4426927
4426958
4426960
4445603
4483639
4503566
4520679
4533427
4540146
4547222
4547412
4557337
4557501
4559990
4560975
4572086
4573729
4575661
4576347
4592896
4610093
4624105
4624310
4633213
4640838
4658239
4675643
4689069
4690238
4716901
4732601
4738861
4767004
4769606
4779338
4779346
4794789
4795316
4801540
4806002
4810111
4811726
4829244
4837449
4839989
4840838
4845582
4963147
4963150
4968970
4978824
5074369
5081689
5094351
5121832
5149080
5149202
5157991
5186282
5190940
5201964
5242074
5261779
5269728
5292341
5321192
5328677
5351323
5352848
5357494
5372269
5428908
5458597
5463652
5465523
5465526
5561085
5755041
5768943
5966715
6113110
6141908
6169242
6271350
6275613
6275635
6343722
6407288
6441187
6466720
6472038
6678842
6678850
6719451
6723265
6734435
6735833
6768573
6878817
6921643
6936011
6945120
6956082
7020793
7020970
7051735
7055998
7056064
7098441
7125759
7163027
7201529
7205038
7227669
7229999
7249721
7454153
7454215
7465865
7492495
7527139
7545043
7556599
7563963
7563976
7564154
7592453
7646424
7655285
7681570
7747147
7808918
7892893
7892939
7979287
7983636
7983671
8019373
8087702
8100626
8130262
8155033
8300893
8587369
8667928
8727486
8739535
9012236
9085397
9103075
9122462
9135474
9145508
9148810
9283299
9317382
9375613
9376898