joe flacco	68,100,0,0,0,0,0,0,0,0,0,0,0,0,0,0
lamar jackson	39,7,0,0,0,0,0,0,0,0,0,0,0,0,0,0
javorius allen	38,49,0,0,0,0,0,0,0,0,0,0,0,0,0,0
alex collins	34,49,0,0,0,0,0,0,0,0,0,0,0,0,0,0
kenneth dixon	28,0,0,0,0,0,0,0,0,0,0,0,0,0,0,0
michael crabtree	66,86,0,0,0,0,0,0,0,0,0,0,0,0,0,0
john brown	60,79,0,0,0,0,0,0,0,0,0,0,0,0,0,0
willie snead iv	53,67,0,0,0,0,0,0,0,0,0,0,0,0,0,0
chris moore	24,31,0,0,0,0,0,0,0,0,0,0,0,0,0,0
janarion grant	25,0,0,0,0,0,0,0,0,0,0,0,0,0,0,0
nick boyle	68,51,0,0,0,0,0,0,0,0,0,0,0,0,0,0
maxx williams	55,34,0,0,0,0,0,0,0,0,0,0,0,0,0,0
mark andrews	28,41,0,0,0,0,0,0,0,0,0,0,0,0,0,0
brandon williams	41,58,0,0,0,0,0,0,0,0,0,0,0,0,0,0
michael pierce	41,38,0,0,0,0,0,0,0,0,0,0,0,0,0,0
patrick ricard	17,7,0,0,0,0,0,0,0,0,0,0,0,0,0,0
zadarius smith	56,72,0,0,0,0,0,0,0,0,0,0,0,0,0,0
brent urban	44,67,0,0,0,0,0,0,0,0,0,0,0,0,0,0
chris wormley	58,47,0,0,0,0,0,0,0,0,0,0,0,0,0,0
patrick onwuasor	41,99,0,0,0,0,0,0,0,0,0,0,0,0,0,0
kenny young	36,76,0,0,0,0,0,0,0,0,0,0,0,0,0,0
c.j. mosley	73,4,0,0,0,0,0,0,0,0,0,0,0,0,0,0
matt judon	56,61,0,0,0,0,0,0,0,0,0,0,0,0,0,0
terrell suggs	48,61,0,0,0,0,0,0,0,0,0,0,0,0,0,0
tim williams	36,13,0,0,0,0,0,0,0,0,0,0,0,0,0,0
tyus bowser	31,12,0,0,0,0,0,0,0,0,0,0,0,0,0,0
tony jefferson	100,100,0,0,0,0,0,0,0,0,0,0,0,0,0,0
eric weddle	73,100,0,0,0,0,0,0,0,0,0,0,0,0,0,0
chuck clark	41,17,0,0,0,0,0,0,0,0,0,0,0,0,0,0
marlon humphrey	84,100,0,0,0,0,0,0,0,0,0,0,0,0,0,0
brandon carr	73,95,0,0,0,0,0,0,0,0,0,0,0,0,0,0
tavon young	77,57,0,0,0,0,0,0,0,0,0,0,0,0,0,0
anthony levine sr	14,17,0,0,0,0,0,0,0,0,0,0,0,0,0,0
anthony averett	27,0,0,0,0,0,0,0,0,0,0,0,0,0,0,0
maurice canady	16,0,0,0,0,0,0,0,0,0,0,0,0,0,0,0
josh allen	50,100,0,0,0,0,0,0,0,0,0,0,0,0,0,0
nathan peterman	50,0,0,0,0,0,0,0,0,0,0,0,0,0,0,0
lesean mccoy	53,48,0,0,0,0,0,0,0,0,0,0,0,0,0,0
marcus murphy	36,37,0,0,0,0,0,0,0,0,0,0,0,0,0,0
chris ivory	11,15,0,0,0,0,0,0,0,0,0,0,0,0,0,0
patrick dimarco	2,13,0,0,0,0,0,0,0,0,0,0,0,0,0,0
taiwan jones	0,0,0,0,0,0,0,0,0,0,0,0,0,0,0,0
zay jones	94,82,0,0,0,0,0,0,0,0,0,0,0,0,0,0
kelvin benjamin	73,65,0,0,0,0,0,0,0,0,0,0,0,0,0,0
andre holmes	17,58,0,0,0,0,0,0,0,0,0,0,0,0,0,0
robert foster	25,47,0,0,0,0,0,0,0,0,0,0,0,0,0,0
jeremy kerley	69,0,0,0,0,0,0,0,0,0,0,0,0,0,0,0
charles clay	63,69,0,0,0,0,0,0,0,0,0,0,0,0,0,0
logan thomas	28,31,0,0,0,0,0,0,0,0,0,0,0,0,0,0
jason croom	28,26,0,0,0,0,0,0,0,0,0,0,0,0,0,0
kyle williams	56,75,0,0,0,0,0,0,0,0,0,0,0,0,0,0
star lotulelei	48,67,0,0,0,0,0,0,0,0,0,0,0,0,0,0
harrison phillips	51,33,0,0,0,0,0,0,0,0,0,0,0,0,0,0
adolphus washington	40,0,0,0,0,0,0,0,0,0,0,0,0,0,0,0
jerry hughes	66,61,0,0,0,0,0,0,0,0,0,0,0,0,0,0
trent murphy	35,67,0,0,0,0,0,0,0,0,0,0,0,0,0,0
eddie yarbrough	49,39,0,0,0,0,0,0,0,0,0,0,0,0,0,0
shaq lawson	44,0,0,0,0,0,0,0,0,0,0,0,0,0,0,0
nate orchard	0,9,0,0,0,0,0,0,0,0,0,0,0,0,0,0
tremaine edmunds	100,100,0,0,0,0,0,0,0,0,0,0,0,0,0,0
ramon humber	5,26,0,0,0,0,0,0,0,0,0,0,0,0,0,0
matt milano	95,74,0,0,0,0,0,0,0,0,0,0,0,0,0,0
lorenzo alexander	55,56,0,0,0,0,0,0,0,0,0,0,0,0,0,0
deon lacey	3,0,0,0,0,0,0,0,0,0,0,0,0,0,0,0
julian stanford	0,0,0,0,0,0,0,0,0,0,0,0,0,0,0,0
jordan poyer	96,100,0,0,0,0,0,0,0,0,0,0,0,0,0,0
micah hyde	95,98,0,0,0,0,0,0,0,0,0,0,0,0,0,0
rafael bush	39,68,0,0,0,0,0,0,0,0,0,0,0,0,0,0
siran neal	4,5,0,0,0,0,0,0,0,0,0,0,0,0,0,0
tredavious white	96,100,0,0,0,0,0,0,0,0,0,0,0,0,0,0
phillip gaines	99,14,0,0,0,0,0,0,0,0,0,0,0,0,0,0
lafayette pitts	4,47,0,0,0,0,0,0,0,0,0,0,0,0,0,0
vontae davis	0,51,0,0,0,0,0,0,0,0,0,0,0,0,0,0
taron johnson	21,0,0,0,0,0,0,0,0,0,0,0,0,0,0,0
andy dalton	100,100,0,0,0,0,0,0,0,0,0,0,0,0,0,0
joe mixon	76,51,0,0,0,0,0,0,0,0,0,0,0,0,0,0
giovani bernard	25,51,0,0,0,0,0,0,0,0,0,0,0,0,0,0
tra carson	5,3,0,0,0,0,0,0,0,0,0,0,0,0,0,0
a.j. green	95,91,0,0,0,0,0,0,0,0,0,0,0,0,0,0
tyler boyd	87,76,0,0,0,0,0,0,0,0,0,0,0,0,0,0
john ross	65,59,0,0,0,0,0,0,0,0,0,0,0,0,0,0
josh malone	4,8,0,0,0,0,0,0,0,0,0,0,0,0,0,0
alex erickson	2,0,0,0,0,0,0,0,0,0,0,0,0,0,0,0
c.j. uzomah	65,49,0,0,0,0,0,0,0,0,0,0,0,0,0,0
tyler eifert	40,64,0,0,0,0,0,0,0,0,0,0,0,0,0,0
tyler kroft	31,45,0,0,0,0,0,0,0,0,0,0,0,0,0,0
mason schreck	0,0,0,0,0,0,0,0,0,0,0,0,0,0,0,0
geno atkins	68,74,0,0,0,0,0,0,0,0,0,0,0,0,0,0
ryan glasgow	49,34,0,0,0,0,0,0,0,0,0,0,0,0,0,0
andrew billings	40,41,0,0,0,0,0,0,0,0,0,0,0,0,0,0
carlos dunlap	79,72,0,0,0,0,0,0,0,0,0,0,0,0,0,0
carl lawson	51,60,0,0,0,0,0,0,0,0,0,0,0,0,0,0
jordan willis	48,58,0,0,0,0,0,0,0,0,0,0,0,0,0,0
sam hubbard	9,59,0,0,0,0,0,0,0,0,0,0,0,0,0,0
michael johnson	56,5,0,0,0,0,0,0,0,0,0,0,0,0,0,0
hardy nickerson jr	0,99,0,0,0,0,0,0,0,0,0,0,0,0,0,0
jordan evans	38,26,0,0,0,0,0,0,0,0,0,0,0,0,0,0
preston brown	56,0,0,0,0,0,0,0,0,0,0,0,0,0,0,0
vincent rey	0,0,0,0,0,0,0,0,0,0,0,0,0,0,0,0
nick vigil	100,100,0,0,0,0,0,0,0,0,0,0,0,0,0,0
jessie bates	100,99,0,0,0,0,0,0,0,0,0,0,0,0,0,0
clayton fejedelem	84,19,0,0,0,0,0,0,0,0,0,0,0,0,0,0
shawn williams	16,82,0,0,0,0,0,0,0,0,0,0,0,0,0,0
brandon wilson	0,0,0,0,0,0,0,0,0,0,0,0,0,0,0,0
william jackson iii	100,98,0,0,0,0,0,0,0,0,0,0,0,0,0,0
dre kirkpatrick	98,85,0,0,0,0,0,0,0,0,0,0,0,0,0,0
darqueze dennard	63,78,0,0,0,0,0,0,0,0,0,0,0,0,0,0
tony mcrae	1,13,0,0,0,0,0,0,0,0,0,0,0,0,0,0
darius phillips	0,0,0,0,0,0,0,0,0,0,0,0,0,0,0,0
tyrod taylor	100,100,0,0,0,0,0,0,0,0,0,0,0,0,0,0
drew stanton	0,0,0,0,0,0,0,0,0,0,0,0,0,0,0,0
carlos hyde	53,58,0,0,0,0,0,0,0,0,0,0,0,0,0,0
duke johnson jr	46,37,0,0,0,0,0,0,0,0,0,0,0,0,0,0
nick chubb	4,5,0,0,0,0,0,0,0,0,0,0,0,0,0,0
jarvis landry	91,95,0,0,0,0,0,0,0,0,0,0,0,0,0,0
rashard higgins	61,74,0,0,0,0,0,0,0,0,0,0,0,0,0,0
josh gordon	78,0,0,0,0,0,0,0,0,0,0,0,0,0,0,0
antonio callaway	17,81,0,0,0,0,0,0,0,0,0,0,0,0,0,0
derrick willies	1,0,0,0,0,0,0,0,0,0,0,0,0,0,0,0
damion ratley	0,0,0,0,0,0,0,0,0,0,0,0,0,0,0,0
david njoku	88,74,0,0,0,0,0,0,0,0,0,0,0,0,0,0
darren fells	43,40,0,0,0,0,0,0,0,0,0,0,0,0,0,0
orson charles	9,29,0,0,0,0,0,0,0,0,0,0,0,0,0,0
seth devalve	7,0,0,0,0,0,0,0,0,0,0,0,0,0,0,0
larry ogunjobi	94,88,0,0,0,0,0,0,0,0,0,0,0,0,0,0
trevon coley	50,76,0,0,0,0,0,0,0,0,0,0,0,0,0,0
myles garrett	100,98,0,0,0,0,0,0,0,0,0,0,0,0,0,0
chris smith	68,58,0,0,0,0,0,0,0,0,0,0,0,0,0,0
emmanuel ogbah	32,0,0,0,0,0,0,0,0,0,0,0,0,0,0,0
carl davis	0,15,0,0,0,0,0,0,0,0,0,0,0,0,0,0
chad thomas	0,15,0,0,0,0,0,0,0,0,0,0,0,0,0,0
anthony zettel	0,14,0,0,0,0,0,0,0,0,0,0,0,0,0,0
genard avery	51,32,0,0,0,0,0,0,0,0,0,0,0,0,0,0
james burgess jr	0,61,0,0,0,0,0,0,0,0,0,0,0,0,0,0
tanner vallejo	0,0,0,0,0,0,0,0,0,0,0,0,0,0,0,0
joe schobert	100,100,0,0,0,0,0,0,0,0,0,0,0,0,0,0
jamie collins sr	61,100,0,0,0,0,0,0,0,0,0,0,0,0,0,0
christian kirksey	73,0,0,0,0,0,0,0,0,0,0,0,0,0,0,0
damarious randall	99,89,0,0,0,0,0,0,0,0,0,0,0,0,0,0
derrick kindred	74,62,0,0,0,0,0,0,0,0,0,0,0,0,0,0
jabrill peppers	42,55,0,0,0,0,0,0,0,0,0,0,0,0,0,0
denzel rice	0,0,0,0,0,0,0,0,0,0,0,0,0,0,0,0
denzel ward	100,97,0,0,0,0,0,0,0,0,0,0,0,0,0,0
terrance mitchell	80,80,0,0,0,0,0,0,0,0,0,0,0,0,0,0
briean boddy-calhoun	74,8,0,0,0,0,0,0,0,0,0,0,0,0,0,0
travis carrie	1,53,0,0,0,0,0,0,0,0,0,0,0,0,0,0
e.j. gaines	0,0,0,0,0,0,0,0,0,0,0,0,0,0,0,0
case keenum	100,100,0,0,0,0,0,0,0,0,0,0,0,0,0,0
phillip lindsay	35,42,0,0,0,0,0,0,0,0,0,0,0,0,0,0
royce freeman	39,24,0,0,0,0,0,0,0,0,0,0,0,0,0,0
devontae booker	26,33,0,0,0,0,0,0,0,0,0,0,0,0,0,0
andy janovich	18,17,0,0,0,0,0,0,0,0,0,0,0,0,0,0
emmanuel sanders	86,82,0,0,0,0,0,0,0,0,0,0,0,0,0,0
demaryius thomas	72,89,0,0,0,0,0,0,0,0,0,0,0,0,0,0
courtland sutton	59,82,0,0,0,0,0,0,0,0,0,0,0,0,0,0
daesean hamilton	19,18,0,0,0,0,0,0,0,0,0,0,0,0,0,0
tim patrick	12,6,0,0,0,0,0,0,0,0,0,0,0,0,0,0
jeff heuerman	81,62,0,0,0,0,0,0,0,0,0,0,0,0,0,0
jake butt	49,39,0,0,0,0,0,0,0,0,0,0,0,0,0,0
domata peko sr	44,52,0,0,0,0,0,0,0,0,0,0,0,0,0,0
zach kerr	19,32,0,0,0,0,0,0,0,0,0,0,0,0,0,0
derek wolfe	82,74,0,0,0,0,0,0,0,0,0,0,0,0,0,0
adam gotsis	37,43,0,0,0,0,0,0,0,0,0,0,0,0,0,0
shelby harris	26,34,0,0,0,0,0,0,0,0,0,0,0,0,0,0
brandon marshall	88,82,0,0,0,0,0,0,0,0,0,0,0,0,0,0
todd davis	65,88,0,0,0,0,0,0,0,0,0,0,0,0,0,0
josey jewell	12,20,0,0,0,0,0,0,0,0,0,0,0,0,0,0
bradley chubb	95,72,0,0,0,0,0,0,0,0,0,0,0,0,0,0
von miller	88,75,0,0,0,0,0,0,0,0,0,0,0,0,0,0
shane ray	32,29,0,0,0,0,0,0,0,0,0,0,0,0,0,0
shaquil barrett	7,28,0,0,0,0,0,0,0,0,0,0,0,0,0,0
justin simmons	100,100,0,0,0,0,0,0,0,0,0,0,0,0,0,0
darian stewart	100,97,0,0,0,0,0,0,0,0,0,0,0,0,0,0
will parks	40,22,0,0,0,0,0,0,0,0,0,0,0,0,0,0
dymonte thomas	0,0,0,0,0,0,0,0,0,0,0,0,0,0,0,0
chris harris jr	100,97,0,0,0,0,0,0,0,0,0,0,0,0,0,0
bradley roby	95,89,0,0,0,0,0,0,0,0,0,0,0,0,0,0
adam jones	67,32,0,0,0,0,0,0,0,0,0,0,0,0,0,0
tramaine brock	4,35,0,0,0,0,0,0,0,0,0,0,0,0,0,0
deshaun watson	100,100,0,0,0,0,0,0,0,0,0,0,0,0,0,0
joe webb iii	0,0,0,0,0,0,0,0,0,0,0,0,0,0,0,0
lamar miller	77,76,0,0,0,0,0,0,0,0,0,0,0,0,0,0
alfred blue	14,25,0,0,0,0,0,0,0,0,0,0,0,0,0,0
tyler ervin	9,0,0,0,0,0,0,0,0,0,0,0,0,0,0,0
deandre hopkins	99,100,0,0,0,0,0,0,0,0,0,0,0,0,0,0
bruce ellington	88,79,0,0,0,0,0,0,0,0,0,0,0,0,0,0
will fuller v	0,82,0,0,0,0,0,0,0,0,0,0,0,0,0,0
sammie coates jr	8,0,0,0,0,0,0,0,0,0,0,0,0,0,0,0
ryan griffin	85,78,0,0,0,0,0,0,0,0,0,0,0,0,0,0
jordan akins	50,22,0,0,0,0,0,0,0,0,0,0,0,0,0,0
jordan thomas	19,36,0,0,0,0,0,0,0,0,0,0,0,0,0,0
d.j. reader	69,83,0,0,0,0,0,0,0,0,0,0,0,0,0,0
angelo blackson	57,37,0,0,0,0,0,0,0,0,0,0,0,0,0,0
brandon dunn	43,53,0,0,0,0,0,0,0,0,0,0,0,0,0,0
joel heath	0,17,0,0,0,0,0,0,0,0,0,0,0,0,0,0
j.j. watt	93,100,0,0,0,0,0,0,0,0,0,0,0,0,0,0
christian covington	12,0,0,0,0,0,0,0,0,0,0,0,0,0,0,0
benardrick mckinney	76,100,0,0,0,0,0,0,0,0,0,0,0,0,0,0
zach cunningham	63,71,0,0,0,0,0,0,0,0,0,0,0,0,0,0
brian peters	0,0,0,0,0,0,0,0,0,0,0,0,0,0,0,0
whitney mercilus	84,100,0,0,0,0,0,0,0,0,0,0,0,0,0,0
jadeveon clowney	95,0,0,0,0,0,0,0,0,0,0,0,0,0,0,0
dylan cole	44,39,0,0,0,0,0,0,0,0,0,0,0,0,0,0
brennan scarlett	0,37,0,0,0,0,0,0,0,0,0,0,0,0,0,0
duke ejiofor	0,25,0,0,0,0,0,0,0,0,0,0,0,0,0,0
peter kalambayi	0,0,0,0,0,0,0,0,0,0,0,0,0,0,0,0
kareem jackson	100,100,0,0,0,0,0,0,0,0,0,0,0,0,0,0
tyrann mathieu	95,100,0,0,0,0,0,0,0,0,0,0,0,0,0,0
justin reid	32,100,0,0,0,0,0,0,0,0,0,0,0,0,0,0
johnathan joseph	96,97,0,0,0,0,0,0,0,0,0,0,0,0,0,0
kevin johnson	87,0,0,0,0,0,0,0,0,0,0,0,0,0,0,0
aaron colvin	55,41,0,0,0,0,0,0,0,0,0,0,0,0,0,0
johnson bademosi	0,0,0,0,0,0,0,0,0,0,0,0,0,0,0,0
shareece wright	0,0,0,0,0,0,0,0,0,0,0,0,0,0,0,0
andrew luck	100,100,0,0,0,0,0,0,0,0,0,0,0,0,0,0
jordan wilkins	56,39,0,0,0,0,0,0,0,0,0,0,0,0,0,0
nyheim hines	45,39,0,0,0,0,0,0,0,0,0,0,0,0,0,0
marlon mack	0,30,0,0,0,0,0,0,0,0,0,0,0,0,0,0
christine michael	4,0,0,0,0,0,0,0,0,0,0,0,0,0,0,0
t.y. hilton	98,90,0,0,0,0,0,0,0,0,0,0,0,0,0,0
ryan grant	79,70,0,0,0,0,0,0,0,0,0,0,0,0,0,0
chester rogers	57,43,0,0,0,0,0,0,0,0,0,0,0,0,0,0
zach pascal	12,30,0,0,0,0,0,0,0,0,0,0,0,0,0,0
marcus johnson	0,8,0,0,0,0,0,0,0,0,0,0,0,0,0,0
jack doyle	94,97,0,0,0,0,0,0,0,0,0,0,0,0,0,0
eric ebron	45,28,0,0,0,0,0,0,0,0,0,0,0,0,0,0
ryan hewitt	0,26,0,0,0,0,0,0,0,0,0,0,0,0,0,0
erik swoope	6,0,0,0,0,0,0,0,0,0,0,0,0,0,0,0
margus hunt	76,91,0,0,0,0,0,0,0,0,0,0,0,0,0,0
al woods	49,39,0,0,0,0,0,0,0,0,0,0,0,0,0,0
denico autry	73,0,0,0,0,0,0,0,0,0,0,0,0,0,0,0
grover stewart	40,16,0,0,0,0,0,0,0,0,0,0,0,0,0,0
jabaal sheard	71,76,0,0,0,0,0,0,0,0,0,0,0,0,0,0
al-quadin muhammad	35,62,0,0,0,0,0,0,0,0,0,0,0,0,0,0
kemoko turay	40,55,0,0,0,0,0,0,0,0,0,0,0,0,0,0
jihad ward	0,46,0,0,0,0,0,0,0,0,0,0,0,0,0,0
hassan ridgeway	0,16,0,0,0,0,0,0,0,0,0,0,0,0,0,0
tarell basham	16,0,0,0,0,0,0,0,0,0,0,0,0,0,0,0
anthony walker	42,51,0,0,0,0,0,0,0,0,0,0,0,0,0,0
najee goode	13,3,0,0,0,0,0,0,0,0,0,0,0,0,0,0
luke rhodes	0,0,0,0,0,0,0,0,0,0,0,0,0,0,0,0
darius leonard	100,100,0,0,0,0,0,0,0,0,0,0,0,0,0,0
skai moore	47,8,0,0,0,0,0,0,0,0,0,0,0,0,0,0
zaire franklin	16,4,0,0,0,0,0,0,0,0,0,0,0,0,0,0
clayton geathers	100,100,0,0,0,0,0,0,0,0,0,0,0,0,0,0
malik hooker	73,100,0,0,0,0,0,0,0,0,0,0,0,0,0,0
matthias farley	42,39,0,0,0,0,0,0,0,0,0,0,0,0,0,0
corey moore	0,0,0,0,0,0,0,0,0,0,0,0,0,0,0,0
nate hairston	98,100,0,0,0,0,0,0,0,0,0,0,0,0,0,0
kenny moore ii	98,100,0,0,0,0,0,0,0,0,0,0,0,0,0,0
pierre desir	0,76,0,0,0,0,0,0,0,0,0,0,0,0,0,0
quincy wilson	71,18,0,0,0,0,0,0,0,0,0,0,0,0,0,0
chris milton	0,0,0,0,0,0,0,0,0,0,0,0,0,0,0,0
blake bortles	100,100,0,0,0,0,0,0,0,0,0,0,0,0,0,0
t.j. yeldon	62,58,0,0,0,0,0,0,0,0,0,0,0,0,0,0
corey grant	10,42,0,0,0,0,0,0,0,0,0,0,0,0,0,0
leonard fournette	33,0,0,0,0,0,0,0,0,0,0,0,0,0,0,0
tommy bohanon	19,8,0,0,0,0,0,0,0,0,0,0,0,0,0,0
brandon wilds	0,7,0,0,0,0,0,0,0,0,0,0,0,0,0,0
keelan cole	75,83,0,0,0,0,0,0,0,0,0,0,0,0,0,0
donte moncrief	68,72,0,0,0,0,0,0,0,0,0,0,0,0,0,0
dede westbrook	49,72,0,0,0,0,0,0,0,0,0,0,0,0,0,0
d.j. chark jr	21,42,0,0,0,0,0,0,0,0,0,0,0,0,0,0
jaydon mickens	5,0,0,0,0,0,0,0,0,0,0,0,0,0,0,0
austin seferian-jenkins	87,85,0,0,0,0,0,0,0,0,0,0,0,0,0,0
james oshaughnessy	41,18,0,0,0,0,0,0,0,0,0,0,0,0,0,0
niles paul	27,13,0,0,0,0,0,0,0,0,0,0,0,0,0,0
malik jackson	77,70,0,0,0,0,0,0,0,0,0,0,0,0,0,0
marcell dareus	65,75,0,0,0,0,0,0,0,0,0,0,0,0,0,0
abry jones	38,43,0,0,0,0,0,0,0,0,0,0,0,0,0,0
taven bryan	18,26,0,0,0,0,0,0,0,0,0,0,0,0,0,0
yannick ngakoue	79,66,0,0,0,0,0,0,0,0,0,0,0,0,0,0
calais campbell	73,69,0,0,0,0,0,0,0,0,0,0,0,0,0,0
dante fowler jr	0,31,0,0,0,0,0,0,0,0,0,0,0,0,0,0
myles jack	100,100,0,0,0,0,0,0,0,0,0,0,0,0,0,0
blair brown	0,0,0,0,0,0,0,0,0,0,0,0,0,0,0,0
telvin smith sr	100,100,0,0,0,0,0,0,0,0,0,0,0,0,0,0
lerentee mccray	49,20,0,0,0,0,0,0,0,0,0,0,0,0,0,0
leon jacobs	15,0,0,0,0,0,0,0,0,0,0,0,0,0,0,0
tashaun gipson sr	96,100,0,0,0,0,0,0,0,0,0,0,0,0,0,0
barry church	97,95,0,0,0,0,0,0,0,0,0,0,0,0,0,0
ronnie harrison	24,52,0,0,0,0,0,0,0,0,0,0,0,0,0,0
jarrod wilson	7,3,0,0,0,0,0,0,0,0,0,0,0,0,0,0
donald payne	0,0,0,0,0,0,0,0,0,0,0,0,0,0,0,0
cody davis	0,0,0,0,0,0,0,0,0,0,0,0,0,0,0,0
jalen ramsey	100,100,0,0,0,0,0,0,0,0,0,0,0,0,0,0
a.j. bouye	100,100,0,0,0,0,0,0,0,0,0,0,0,0,0,0
d.j. hayden	61,48,0,0,0,0,0,0,0,0,0,0,0,0,0,0
tyler patmon	0,2,0,0,0,0,0,0,0,0,0,0,0,0,0,0
patrick mahomes ii	100,100,0,0,0,0,0,0,0,0,0,0,0,0,0,0
kareem hunt	71,69,0,0,0,0,0,0,0,0,0,0,0,0,0,0
anthony sherman	30,22,0,0,0,0,0,0,0,0,0,0,0,0,0,0
spencer ware	16,10,0,0,0,0,0,0,0,0,0,0,0,0,0,0
damien williams	9,16,0,0,0,0,0,0,0,0,0,0,0,0,0,0
sammy watkins	91,83,0,0,0,0,0,0,0,0,0,0,0,0,0,0
tyreek hill	71,88,0,0,0,0,0,0,0,0,0,0,0,0,0,0
chris conley	63,62,0,0,0,0,0,0,0,0,0,0,0,0,0,0
deanthony thomas	13,10,0,0,0,0,0,0,0,0,0,0,0,0,0,0
demarcus robinson	9,12,0,0,0,0,0,0,0,0,0,0,0,0,0,0
marcus kemp	0,0,0,0,0,0,0,0,0,0,0,0,0,0,0,0
travis kelce	100,98,0,0,0,0,0,0,0,0,0,0,0,0,0,0
demetrius harris	0,29,0,0,0,0,0,0,0,0,0,0,0,0,0,0
alex ellis	18,2,0,0,0,0,0,0,0,0,0,0,0,0,0,0
xavier williams	37,41,0,0,0,0,0,0,0,0,0,0,0,0,0,0
derrick nnadi	22,23,0,0,0,0,0,0,0,0,0,0,0,0,0,0
chris jones	73,68,0,0,0,0,0,0,0,0,0,0,0,0,0,0
allen bailey	67,63,0,0,0,0,0,0,0,0,0,0,0,0,0,0
jarvis jenkins	22,22,0,0,0,0,0,0,0,0,0,0,0,0,0,0
anthony hitchens	95,95,0,0,0,0,0,0,0,0,0,0,0,0,0,0
terrance smith	45,53,0,0,0,0,0,0,0,0,0,0,0,0,0,0
reggie ragland	51,31,0,0,0,0,0,0,0,0,0,0,0,0,0,0
dorian odaniel	0,1,0,0,0,0,0,0,0,0,0,0,0,0,0,0
ben niemann	0,0,0,0,0,0,0,0,0,0,0,0,0,0,0,0
dee ford	89,80,0,0,0,0,0,0,0,0,0,0,0,0,0,0
justin houston	77,86,0,0,0,0,0,0,0,0,0,0,0,0,0,0
breeland speaks	23,25,0,0,0,0,0,0,0,0,0,0,0,0,0,0
tanoh kpassagnon	12,14,0,0,0,0,0,0,0,0,0,0,0,0,0,0
ron parker	100,100,0,0,0,0,0,0,0,0,0,0,0,0,0,0
eric murray	100,98,0,0,0,0,0,0,0,0,0,0,0,0,0,0
armani watts	4,20,0,0,0,0,0,0,0,0,0,0,0,0,0,0
jordan lucas	0,1,0,0,0,0,0,0,0,0,0,0,0,0,0,0
steven nelson	100,100,0,0,0,0,0,0,0,0,0,0,0,0,0,0
kendall fuller	100,95,0,0,0,0,0,0,0,0,0,0,0,0,0,0
orlando scandrick	83,91,0,0,0,0,0,0,0,0,0,0,0,0,0,0
tremon smith	0,6,0,0,0,0,0,0,0,0,0,0,0,0,0,0
philip rivers	100,98,0,0,0,0,0,0,0,0,0,0,0,0,0,0
geno smith	0,2,0,0,0,0,0,0,0,0,0,0,0,0,0,0
melvin gordon iii	76,63,0,0,0,0,0,0,0,0,0,0,0,0,0,0
austin ekeler	27,42,0,0,0,0,0,0,0,0,0,0,0,0,0,0
derek watt	9,12,0,0,0,0,0,0,0,0,0,0,0,0,0,0
detrez newsome	0,5,0,0,0,0,0,0,0,0,0,0,0,0,0,0
keenan allen	88,89,0,0,0,0,0,0,0,0,0,0,0,0,0,0
tyrell williams	76,81,0,0,0,0,0,0,0,0,0,0,0,0,0,0
mike williams	54,68,0,0,0,0,0,0,0,0,0,0,0,0,0,0
travis benjamin	57,0,0,0,0,0,0,0,0,0,0,0,0,0,0,0
geremy davis	0,11,0,0,0,0,0,0,0,0,0,0,0,0,0,0
virgil green	54,74,0,0,0,0,0,0,0,0,0,0,0,0,0,0
antonio gates	40,19,0,0,0,0,0,0,0,0,0,0,0,0,0,0
sean culkin	21,30,0,0,0,0,0,0,0,0,0,0,0,0,0,0
mike windt	0,0,0,0,0,0,0,0,0,0,0,0,0,0,0,0
justin jones	43,48,0,0,0,0,0,0,0,0,0,0,0,0,0,0
brandon mebane	41,45,0,0,0,0,0,0,0,0,0,0,0,0,0,0
damion square	43,39,0,0,0,0,0,0,0,0,0,0,0,0,0,0
melvin ingram iii	95,79,0,0,0,0,0,0,0,0,0,0,0,0,0,0
isaac rochell	91,65,0,0,0,0,0,0,0,0,0,0,0,0,0,0
darius philon	63,58,0,0,0,0,0,0,0,0,0,0,0,0,0,0
chris landrum	21,34,0,0,0,0,0,0,0,0,0,0,0,0,0,0
uchenna nwosu	4,26,0,0,0,0,0,0,0,0,0,0,0,0,0,0
denzel perryman	73,60,0,0,0,0,0,0,0,0,0,0,0,0,0,0
nick dzubnar	2,0,0,0,0,0,0,0,0,0,0,0,0,0,0,0
kyzir white	79,61,0,0,0,0,0,0,0,0,0,0,0,0,0,0
jatavis brown	27,37,0,0,0,0,0,0,0,0,0,0,0,0,0,0
kyle emanuel	23,27,0,0,0,0,0,0,0,0,0,0,0,0,0,0
jahleel addae	100,100,0,0,0,0,0,0,0,0,0,0,0,0,0,0
derwin james	100,95,0,0,0,0,0,0,0,0,0,0,0,0,0,0
adrian phillips	20,44,0,0,0,0,0,0,0,0,0,0,0,0,0,0
rayshawn jenkins	0,16,0,0,0,0,0,0,0,0,0,0,0,0,0,0
trevor williams	100,97,0,0,0,0,0,0,0,0,0,0,0,0,0,0
casey hayward	100,97,0,0,0,0,0,0,0,0,0,0,0,0,0,0
desmond king	77,73,0,0,0,0,0,0,0,0,0,0,0,0,0,0
michael davis	0,0,0,0,0,0,0,0,0,0,0,0,0,0,0,0
craig mager	0,0,0,0,0,0,0,0,0,0,0,0,0,0,0,0
ryan tannehill	100,100,0,0,0,0,0,0,0,0,0,0,0,0,0,0
brock osweiler	0,0,0,0,0,0,0,0,0,0,0,0,0,0,0,0
kenyan drake	74,60,0,0,0,0,0,0,0,0,0,0,0,0,0,0
frank gore	29,40,0,0,0,0,0,0,0,0,0,0,0,0,0,0
senorise perry	0,0,0,0,0,0,0,0,0,0,0,0,0,0,0,0
brandon bolden	0,0,0,0,0,0,0,0,0,0,0,0,0,0,0,0
kenny stills	95,93,0,0,0,0,0,0,0,0,0,0,0,0,0,0
danny amendola	73,73,0,0,0,0,0,0,0,0,0,0,0,0,0,0
albert wilson	55,48,0,0,0,0,0,0,0,0,0,0,0,0,0,0
jakeem grant	40,53,0,0,0,0,0,0,0,0,0,0,0,0,0,0
tanner mcevoy	0,0,0,0,0,0,0,0,0,0,0,0,0,0,0,0
a.j. derby	74,57,0,0,0,0,0,0,0,0,0,0,0,0,0,0
mike gesicki	34,55,0,0,0,0,0,0,0,0,0,0,0,0,0,0
durham smythe	24,15,0,0,0,0,0,0,0,0,0,0,0,0,0,0
akeem spence	52,62,0,0,0,0,0,0,0,0,0,0,0,0,0,0
davon godchaux	42,52,0,0,0,0,0,0,0,0,0,0,0,0,0,0
jordan phillips	45,34,0,0,0,0,0,0,0,0,0,0,0,0,0,0
vincent taylor	26,35,0,0,0,0,0,0,0,0,0,0,0,0,0,0
robert quinn	59,51,0,0,0,0,0,0,0,0,0,0,0,0,0,0
cameron wake	55,46,0,0,0,0,0,0,0,0,0,0,0,0,0,0
andre branch	42,51,0,0,0,0,0,0,0,0,0,0,0,0,0,0
william hayes	46,35,0,0,0,0,0,0,0,0,0,0,0,0,0,0
charles harris	33,34,0,0,0,0,0,0,0,0,0,0,0,0,0,0
kiko alonso	100,100,0,0,0,0,0,0,0,0,0,0,0,0,0,0
raekwon mcmillan	88,100,0,0,0,0,0,0,0,0,0,0,0,0,0,0
chase allen	3,11,0,0,0,0,0,0,0,0,0,0,0,0,0,0
jerome baker	43,23,0,0,0,0,0,0,0,0,0,0,0,0,0,0
stephone anthony	0,0,0,0,0,0,0,0,0,0,0,0,0,0,0,0
t.j. mcdonald	100,100,0,0,0,0,0,0,0,0,0,0,0,0,0,0
reshad jones	91,100,0,0,0,0,0,0,0,0,0,0,0,0,0,0
minkah fitzpatrick	64,65,0,0,0,0,0,0,0,0,0,0,0,0,0,0
xavien howard	100,100,0,0,0,0,0,0,0,0,0,0,0,0,0,0
bobby mccain	100,100,0,0,0,0,0,0,0,0,0,0,0,0,0,0
torry mctyer	9,2,0,0,0,0,0,0,0,0,0,0,0,0,0,0
cordrea tankersley	0,0,0,0,0,0,0,0,0,0,0,0,0,0,0,0
walt aikens	0,0,0,0,0,0,0,0,0,0,0,0,0,0,0,0
tom brady	100,100,0,0,0,0,0,0,0,0,0,0,0,0,0,0
james white	48,56,0,0,0,0,0,0,0,0,0,0,0,0,0,0
james develin	47,33,0,0,0,0,0,0,0,0,0,0,0,0,0,0
rex burkhead	49,25,0,0,0,0,0,0,0,0,0,0,0,0,0,0
sony michel	0,21,0,0,0,0,0,0,0,0,0,0,0,0,0,0
jeremy hill	16,0,0,0,0,0,0,0,0,0,0,0,0,0,0,0
chris hogan	91,90,0,0,0,0,0,0,0,0,0,0,0,0,0,0
phillip dorsett	76,92,0,0,0,0,0,0,0,0,0,0,0,0,0,0
cordarrelle patterson	21,44,0,0,0,0,0,0,0,0,0,0,0,0,0,0
riley mccarron	20,0,0,0,0,0,0,0,0,0,0,0,0,0,0,0
matt slater	0,0,0,0,0,0,0,0,0,0,0,0,0,0,0,0
rob gronkowski	100,95,0,0,0,0,0,0,0,0,0,0,0,0,0,0
dwayne allen	31,21,0,0,0,0,0,0,0,0,0,0,0,0,0,0
jacob hollister	0,23,0,0,0,0,0,0,0,0,0,0,0,0,0,0
danny shelton	54,52,0,0,0,0,0,0,0,0,0,0,0,0,0,0
malcom brown	43,55,0,0,0,0,0,0,0,0,0,0,0,0,0,0
lawrence guy	39,58,0,0,0,0,0,0,0,0,0,0,0,0,0,0
adam butler	32,23,0,0,0,0,0,0,0,0,0,0,0,0,0,0
deatrich wise jr	31,76,0,0,0,0,0,0,0,0,0,0,0,0,0,0
trey flowers	68,10,0,0,0,0,0,0,0,0,0,0,0,0,0,0
keionta davis	0,75,0,0,0,0,0,0,0,0,0,0,0,0,0,0
adrian clayborn	30,31,0,0,0,0,0,0,0,0,0,0,0,0,0,0
geneo grissom	0,28,0,0,0,0,0,0,0,0,0,0,0,0,0,0
jawhaun bentley	69,42,0,0,0,0,0,0,0,0,0,0,0,0,0,0
elandon roberts	27,23,0,0,0,0,0,0,0,0,0,0,0,0,0,0
kyle van noy	66,90,0,0,0,0,0,0,0,0,0,0,0,0,0,0
donta hightower	68,63,0,0,0,0,0,0,0,0,0,0,0,0,0,0
nicholas grigsby	1,0,0,0,0,0,0,0,0,0,0,0,0,0,0,0
devin mccourty	97,96,0,0,0,0,0,0,0,0,0,0,0,0,0,0
patrick chung	99,48,0,0,0,0,0,0,0,0,0,0,0,0,0,0
duron harmon	68,52,0,0,0,0,0,0,0,0,0,0,0,0,0,0
nate ebner	0,1,0,0,0,0,0,0,0,0,0,0,0,0,0,0
stephon gilmore	100,100,0,0,0,0,0,0,0,0,0,0,0,0,0,0
jonathan jones	51,79,0,0,0,0,0,0,0,0,0,0,0,0,0,0
eric rowe	100,24,0,0,0,0,0,0,0,0,0,0,0,0,0,0
jason mccourty	8,75,0,0,0,0,0,0,0,0,0,0,0,0,0,0
brandon king	0,0,0,0,0,0,0,0,0,0,0,0,0,0,0,0
sam darnold	100,100,0,0,0,0,0,0,0,0,0,0,0,0,0,0
bilal powell	40,52,0,0,0,0,0,0,0,0,0,0,0,0,0,0
isaiah crowell	40,48,0,0,0,0,0,0,0,0,0,0,0,0,0,0
trenton cannon	20,0,0,0,0,0,0,0,0,0,0,0,0,0,0,0
quincy enunwa	67,80,0,0,0,0,0,0,0,0,0,0,0,0,0,0
robby anderson	58,82,0,0,0,0,0,0,0,0,0,0,0,0,0,0
terrelle pryor	40,68,0,0,0,0,0,0,0,0,0,0,0,0,0,0
jermaine kearse	0,31,0,0,0,0,0,0,0,0,0,0,0,0,0,0
charone peake	22,0,0,0,0,0,0,0,0,0,0,0,0,0,0,0
andre roberts	17,0,0,0,0,0,0,0,0,0,0,0,0,0,0,0
eric tomlinson	48,57,0,0,0,0,0,0,0,0,0,0,0,0,0,0
neal sterling	67,15,0,0,0,0,0,0,0,0,0,0,0,0,0,0
jordan leggett	25,0,0,0,0,0,0,0,0,0,0,0,0,0,0,0
nathan shepherd	46,37,0,0,0,0,0,0,0,0,0,0,0,0,0,0
steve mclendon	30,53,0,0,0,0,0,0,0,0,0,0,0,0,0,0
mike pennel	26,17,0,0,0,0,0,0,0,0,0,0,0,0,0,0
leonard williams	66,82,0,0,0,0,0,0,0,0,0,0,0,0,0,0
brandon copeland	73,53,0,0,0,0,0,0,0,0,0,0,0,0,0,0
henry anderson	49,48,0,0,0,0,0,0,0,0,0,0,0,0,0,0
jeremiah attaochu	14,0,0,0,0,0,0,0,0,0,0,0,0,0,0,0
avery williamson	91,100,0,0,0,0,0,0,0,0,0,0,0,0,0,0
darron lee	91,95,0,0,0,0,0,0,0,0,0,0,0,0,0,0
jordan jenkins	63,82,0,0,0,0,0,0,0,0,0,0,0,0,0,0
frankie luvu	50,55,0,0,0,0,0,0,0,0,0,0,0,0,0,0
neville hewitt	10,5,0,0,0,0,0,0,0,0,0,0,0,0,0,0
kevin pierre-louis	0,0,0,0,0,0,0,0,0,0,0,0,0,0,0,0
jamal adams	100,100,0,0,0,0,0,0,0,0,0,0,0,0,0,0
doug middleton	100,92,0,0,0,0,0,0,0,0,0,0,0,0,0,0
j.j. wilcox	7,5,0,0,0,0,0,0,0,0,0,0,0,0,0,0
terrence brooks	0,0,0,0,0,0,0,0,0,0,0,0,0,0,0,0
morris claiborne	90,95,0,0,0,0,0,0,0,0,0,0,0,0,0,0
trumaine johnson	74,100,0,0,0,0,0,0,0,0,0,0,0,0,0,0
buster skrine	84,82,0,0,0,0,0,0,0,0,0,0,0,0,0,0
darryl roberts	31,0,0,0,0,0,0,0,0,0,0,0,0,0,0,0
parry nickerson	4,0,0,0,0,0,0,0,0,0,0,0,0,0,0,0
juston burris	0,0,0,0,0,0,0,0,0,0,0,0,0,0,0,0
derek carr	100,100,0,0,0,0,0,0,0,0,0,0,0,0,0,0
marshawn lynch	36,63,0,0,0,0,0,0,0,0,0,0,0,0,0,0
jalen richard	50,12,0,0,0,0,0,0,0,0,0,0,0,0,0,0
doug martin	14,26,0,0,0,0,0,0,0,0,0,0,0,0,0,0
keith smith	9,14,0,0,0,0,0,0,0,0,0,0,0,0,0,0
jordy nelson	97,85,0,0,0,0,0,0,0,0,0,0,0,0,0,0
amari cooper	93,83,0,0,0,0,0,0,0,0,0,0,0,0,0,0
seth roberts	64,34,0,0,0,0,0,0,0,0,0,0,0,0,0,0
martavis bryant	0,38,0,0,0,0,0,0,0,0,0,0,0,0,0,0
brandon lafell	0,11,0,0,0,0,0,0,0,0,0,0,0,0,0,0
keon hatcher	0,0,0,0,0,0,0,0,0,0,0,0,0,0,0,0
dwayne harris	0,0,0,0,0,0,0,0,0,0,0,0,0,0,0,0
jared cook	91,78,0,0,0,0,0,0,0,0,0,0,0,0,0,0
derek carrier	34,17,0,0,0,0,0,0,0,0,0,0,0,0,0,0
lee smith	12,34,0,0,0,0,0,0,0,0,0,0,0,0,0,0
maurice hurst	67,59,0,0,0,0,0,0,0,0,0,0,0,0,0,0
frostee rucker	65,44,0,0,0,0,0,0,0,0,0,0,0,0,0,0
clinton mcdonald	0,81,0,0,0,0,0,0,0,0,0,0,0,0,0,0
justin ellis	71,0,0,0,0,0,0,0,0,0,0,0,0,0,0,0
p.j. hall	51,0,0,0,0,0,0,0,0,0,0,0,0,0,0,0
johnathan hankins	0,28,0,0,0,0,0,0,0,0,0,0,0,0,0,0
brian price	0,27,0,0,0,0,0,0,0,0,0,0,0,0,0,0
bruce irvin	49,77,0,0,0,0,0,0,0,0,0,0,0,0,0,0
arden key	51,66,0,0,0,0,0,0,0,0,0,0,0,0,0,0
tank carradine	0,38,0,0,0,0,0,0,0,0,0,0,0,0,0,0
shilique calhoun	19,0,0,0,0,0,0,0,0,0,0,0,0,0,0,0
derrick johnson	62,67,0,0,0,0,0,0,0,0,0,0,0,0,0,0
marquel lee	38,39,0,0,0,0,0,0,0,0,0,0,0,0,0,0
tahir whitehead	100,98,0,0,0,0,0,0,0,0,0,0,0,0,0,0
emmanuel lamur	2,22,0,0,0,0,0,0,0,0,0,0,0,0,0,0
nicholas morrow	0,0,0,0,0,0,0,0,0,0,0,0,0,0,0,0
kyle wilber	0,0,0,0,0,0,0,0,0,0,0,0,0,0,0,0
reggie nelson	100,75,0,0,0,0,0,0,0,0,0,0,0,0,0,0
marcus gilchrist	89,83,0,0,0,0,0,0,0,0,0,0,0,0,0,0
erik harris	0,41,0,0,0,0,0,0,0,0,0,0,0,0,0,0
karl joseph	11,5,0,0,0,0,0,0,0,0,0,0,0,0,0,0
gareon conley	90,100,0,0,0,0,0,0,0,0,0,0,0,0,0,0
leon hall	98,86,0,0,0,0,0,0,0,0,0,0,0,0,0,0
rashaan melvin	78,100,0,0,0,0,0,0,0,0,0,0,0,0,0,0
dominique rodgers-cromartie	32,0,0,0,0,0,0,0,0,0,0,0,0,0,0,0
ben roethlisberger	100,100,0,0,0,0,0,0,0,0,0,0,0,0,0,0
james conner	92,89,0,0,0,0,0,0,0,0,0,0,0,0,0,0
roosevelt nix	23,5,0,0,0,0,0,0,0,0,0,0,0,0,0,0
stevan ridley	0,4,0,0,0,0,0,0,0,0,0,0,0,0,0,0
jaylen samuels	0,0,0,0,0,0,0,0,0,0,0,0,0,0,0,0
antonio brown	99,94,0,0,0,0,0,0,0,0,0,0,0,0,0,0
juju smith-schuster	75,93,0,0,0,0,0,0,0,0,0,0,0,0,0,0
james washington	13,80,0,0,0,0,0,0,0,0,0,0,0,0,0,0
justin hunter	61,0,0,0,0,0,0,0,0,0,0,0,0,0,0,0
ryan switzer	8,15,0,0,0,0,0,0,0,0,0,0,0,0,0,0
darrius heyward-bey	1,7,0,0,0,0,0,0,0,0,0,0,0,0,0,0
jesse james	82,55,0,0,0,0,0,0,0,0,0,0,0,0,0,0
vance mcdonald	0,45,0,0,0,0,0,0,0,0,0,0,0,0,0,0
xavier grimble	26,10,0,0,0,0,0,0,0,0,0,0,0,0,0,0
javon hargrave	27,29,0,0,0,0,0,0,0,0,0,0,0,0,0,0
tyson alualu	33,0,0,0,0,0,0,0,0,0,0,0,0,0,0,0
daniel mccullers	11,9,0,0,0,0,0,0,0,0,0,0,0,0,0,0
leterrius walton	0,22,0,0,0,0,0,0,0,0,0,0,0,0,0,0
cameron heyward	85,86,0,0,0,0,0,0,0,0,0,0,0,0,0,0
stephon tuitt	82,81,0,0,0,0,0,0,0,0,0,0,0,0,0,0
vince williams	99,100,0,0,0,0,0,0,0,0,0,0,0,0,0,0
jon bostic	66,53,0,0,0,0,0,0,0,0,0,0,0,0,0,0
tyler matakevich	0,0,0,0,0,0,0,0,0,0,0,0,0,0,0,0
matthew thomas	0,0,0,0,0,0,0,0,0,0,0,0,0,0,0,0
t.j. watt	96,91,0,0,0,0,0,0,0,0,0,0,0,0,0,0
bud dupree	93,91,0,0,0,0,0,0,0,0,0,0,0,0,0,0
anthony chickillo	11,17,0,0,0,0,0,0,0,0,0,0,0,0,0,0
sean davis	100,100,0,0,0,0,0,0,0,0,0,0,0,0,0,0
terrell edmunds	83,55,0,0,0,0,0,0,0,0,0,0,0,0,0,0
morgan burnett	45,90,0,0,0,0,0,0,0,0,0,0,0,0,0,0
nat berhe	0,0,0,0,0,0,0,0,0,0,0,0,0,0,0,0
jordan dangerfield	0,0,0,0,0,0,0,0,0,0,0,0,0,0,0,0
artie burns	99,100,0,0,0,0,0,0,0,0,0,0,0,0,0,0
mike hilton	67,74,0,0,0,0,0,0,0,0,0,0,0,0,0,0
cameron sutton	37,50,0,0,0,0,0,0,0,0,0,0,0,0,0,0
joe haden	65,0,0,0,0,0,0,0,0,0,0,0,0,0,0,0
coty sensabaugh	0,50,0,0,0,0,0,0,0,0,0,0,0,0,0,0
blaine gabbert	48,100,0,0,0,0,0,0,0,0,0,0,0,0,0,0
marcus mariota	52,0,0,0,0,0,0,0,0,0,0,0,0,0,0,0
dion lewis	71,56,0,0,0,0,0,0,0,0,0,0,0,0,0,0
derrick henry	29,44,0,0,0,0,0,0,0,0,0,0,0,0,0,0
david fluellen	0,0,0,0,0,0,0,0,0,0,0,0,0,0,0,0
corey davis	91,81,0,0,0,0,0,0,0,0,0,0,0,0,0,0
tajae sharpe	84,47,0,0,0,0,0,0,0,0,0,0,0,0,0,0
rishard matthews	52,47,0,0,0,0,0,0,0,0,0,0,0,0,0,0
taywan taylor	13,41,0,0,0,0,0,0,0,0,0,0,0,0,0,0
darius jennings	9,10,0,0,0,0,0,0,0,0,0,0,0,0,0,0
jonnu smith	58,100,0,0,0,0,0,0,0,0,0,0,0,0,0,0
luke stocker	36,61,0,0,0,0,0,0,0,0,0,0,0,0,0,0
delanie walker	57,0,0,0,0,0,0,0,0,0,0,0,0,0,0,0
anthony firkser	0,12,0,0,0,0,0,0,0,0,0,0,0,0,0,0
beau brinkley	0,0,0,0,0,0,0,0,0,0,0,0,0,0,0,0
mycole pruitt	0,0,0,0,0,0,0,0,0,0,0,0,0,0,0,0
jurrell casey	84,73,0,0,0,0,0,0,0,0,0,0,0,0,0,0
austin johnson	45,33,0,0,0,0,0,0,0,0,0,0,0,0,0,0
bennie logan	21,28,0,0,0,0,0,0,0,0,0,0,0,0,0,0
daquan jones	65,48,0,0,0,0,0,0,0,0,0,0,0,0,0,0
wesley woodyard	97,94,0,0,0,0,0,0,0,0,0,0,0,0,0,0
jayon brown	71,72,0,0,0,0,0,0,0,0,0,0,0,0,0,0
will compton	31,36,0,0,0,0,0,0,0,0,0,0,0,0,0,0
brian orakpo	77,73,0,0,0,0,0,0,0,0,0,0,0,0,0,0
kamalei correa	77,24,0,0,0,0,0,0,0,0,0,0,0,0,0,0
derrick morgan	23,66,0,0,0,0,0,0,0,0,0,0,0,0,0,0
harold landry	0,52,0,0,0,0,0,0,0,0,0,0,0,0,0,0
aaron wallace	13,0,0,0,0,0,0,0,0,0,0,0,0,0,0,0
daren bates	2,0,0,0,0,0,0,0,0,0,0,0,0,0,0,0
rashaan evans	0,0,0,0,0,0,0,0,0,0,0,0,0,0,0,0
kenny vaccaro	100,100,0,0,0,0,0,0,0,0,0,0,0,0,0,0
kevin byard	100,100,0,0,0,0,0,0,0,0,0,0,0,0,0,0
dane cruikshank	0,1,0,0,0,0,0,0,0,0,0,0,0,0,0,0
brynden trawick	0,0,0,0,0,0,0,0,0,0,0,0,0,0,0,0
logan ryan	94,96,0,0,0,0,0,0,0,0,0,0,0,0,0,0
malcolm butler	89,100,0,0,0,0,0,0,0,0,0,0,0,0,0,0
adoree jackson	77,96,0,0,0,0,0,0,0,0,0,0,0,0,0,0
leshaun sims	13,1,0,0,0,0,0,0,0,0,0,0,0,0,0,0
sam bradford	100,100,0,0,0,0,0,0,0,0,0,0,0,0,0,0
david johnson	68,78,0,0,0,0,0,0,0,0,0,0,0,0,0,0
chase edmonds	32,22,0,0,0,0,0,0,0,0,0,0,0,0,0,0
derrick coleman	9,7,0,0,0,0,0,0,0,0,0,0,0,0,0,0
t.j. logan	0,0,0,0,0,0,0,0,0,0,0,0,0,0,0,0
chad williams	94,76,0,0,0,0,0,0,0,0,0,0,0,0,0,0
larry fitzgerald	98,58,0,0,0,0,0,0,0,0,0,0,0,0,0,0
christian kirk	85,69,0,0,0,0,0,0,0,0,0,0,0,0,0,0
j.j. nelson	2,51,0,0,0,0,0,0,0,0,0,0,0,0,0,0
trent sherfield	0,0,0,0,0,0,0,0,0,0,0,0,0,0,0,0
ricky seals-jones	92,98,0,0,0,0,0,0,0,0,0,0,0,0,0,0
gabe holmes	17,38,0,0,0,0,0,0,0,0,0,0,0,0,0,0
robert nkemdiche	70,72,0,0,0,0,0,0,0,0,0,0,0,0,0,0
corey peters	71,69,0,0,0,0,0,0,0,0,0,0,0,0,0,0
rodney gunter	38,36,0,0,0,0,0,0,0,0,0,0,0,0,0,0
garrison smith	18,22,0,0,0,0,0,0,0,0,0,0,0,0,0,0
olsen pierre	5,0,0,0,0,0,0,0,0,0,0,0,0,0,0,0
chandler jones	80,88,0,0,0,0,0,0,0,0,0,0,0,0,0,0
benson mayowa	72,78,0,0,0,0,0,0,0,0,0,0,0,0,0,0
zach moore	28,22,0,0,0,0,0,0,0,0,0,0,0,0,0,0
jacquies smith	20,13,0,0,0,0,0,0,0,0,0,0,0,0,0,0
josh bynes	90,97,0,0,0,0,0,0,0,0,0,0,0,0,0,0
deone bucannon	100,35,0,0,0,0,0,0,0,0,0,0,0,0,0,0
haason reddick	18,4,0,0,0,0,0,0,0,0,0,0,0,0,0,0
gerald hodges	0,50,0,0,0,0,0,0,0,0,0,0,0,0,0,0
budda baker	99,100,0,0,0,0,0,0,0,0,0,0,0,0,0,0
antoine bethea	97,100,0,0,0,0,0,0,0,0,0,0,0,0,0,0
tre boston	94,100,0,0,0,0,0,0,0,0,0,0,0,0,0,0
jamar taylor	99,100,0,0,0,0,0,0,0,0,0,0,0,0,0,0
patrick peterson	99,100,0,0,0,0,0,0,0,0,0,0,0,0,0,0
bene benwikere	1,14,0,0,0,0,0,0,0,0,0,0,0,0,0,0
rudy ford	3,0,0,0,0,0,0,0,0,0,0,0,0,0,0,0
brandon williams	0,0,0,0,0,0,0,0,0,0,0,0,0,0,0,0
matt ryan	100,98,0,0,0,0,0,0,0,0,0,0,0,0,0,0
matt schaub	0,2,0,0,0,0,0,0,0,0,0,0,0,0,0,0
tevin coleman	51,65,0,0,0,0,0,0,0,0,0,0,0,0,0,0
devonta freeman	56,0,0,0,0,0,0,0,0,0,0,0,0,0,0,0
ricky ortiz	14,19,0,0,0,0,0,0,0,0,0,0,0,0,0,0
ito smith	0,29,0,0,0,0,0,0,0,0,0,0,0,0,0,0
julio jones	81,76,0,0,0,0,0,0,0,0,0,0,0,0,0,0
mohamed sanu	80,76,0,0,0,0,0,0,0,0,0,0,0,0,0,0
calvin ridley	66,56,0,0,0,0,0,0,0,0,0,0,0,0,0,0
justin hardy	9,22,0,0,0,0,0,0,0,0,0,0,0,0,0,0
marvin hall	11,14,0,0,0,0,0,0,0,0,0,0,0,0,0,0
russell gage	1,0,0,0,0,0,0,0,0,0,0,0,0,0,0,0
deante burton	0,0,0,0,0,0,0,0,0,0,0,0,0,0,0,0
austin hooper	84,84,0,0,0,0,0,0,0,0,0,0,0,0,0,0
logan paulsen	27,46,0,0,0,0,0,0,0,0,0,0,0,0,0,0
eric saubert	19,13,0,0,0,0,0,0,0,0,0,0,0,0,0,0
grady jarrett	75,82,0,0,0,0,0,0,0,0,0,0,0,0,0,0
terrell mcclain	54,55,0,0,0,0,0,0,0,0,0,0,0,0,0,0
jack crawford	42,34,0,0,0,0,0,0,0,0,0,0,0,0,0,0
deadrin senat	28,37,0,0,0,0,0,0,0,0,0,0,0,0,0,0
vic beasley jr	61,79,0,0,0,0,0,0,0,0,0,0,0,0,0,0
takkarist mckinley	65,54,0,0,0,0,0,0,0,0,0,0,0,0,0,0
brooks reed	39,48,0,0,0,0,0,0,0,0,0,0,0,0,0,0
derrick shelby	35,9,0,0,0,0,0,0,0,0,0,0,0,0,0,0
deion jones	96,0,0,0,0,0,0,0,0,0,0,0,0,0,0,0
corey nelson	0,0,0,0,0,0,0,0,0,0,0,0,0,0,0,0
devondre campbell	99,100,0,0,0,0,0,0,0,0,0,0,0,0,0,0
duke riley	13,87,0,0,0,0,0,0,0,0,0,0,0,0,0,0
foye oluokun	6,22,0,0,0,0,0,0,0,0,0,0,0,0,0,0
kemal ishmael	0,0,0,0,0,0,0,0,0,0,0,0,0,0,0,0
ricardo allen	100,100,0,0,0,0,0,0,0,0,0,0,0,0,0,0
jordan richards	0,79,0,0,0,0,0,0,0,0,0,0,0,0,0,0
damontae kazee	49,21,0,0,0,0,0,0,0,0,0,0,0,0,0,0
keanu neal	51,0,0,0,0,0,0,0,0,0,0,0,0,0,0,0
keith tandy	0,1,0,0,0,0,0,0,0,0,0,0,0,0,0,0
robert alford	100,100,0,0,0,0,0,0,0,0,0,0,0,0,0,0
desmond trufant	93,100,0,0,0,0,0,0,0,0,0,0,0,0,0,0
brian poole	88,88,0,0,0,0,0,0,0,0,0,0,0,0,0,0
blidi wreh-wilson	0,3,0,0,0,0,0,0,0,0,0,0,0,0,0,0
justin bethel	0,0,0,0,0,0,0,0,0,0,0,0,0,0,0,0
cam newton	100,100,0,0,0,0,0,0,0,0,0,0,0,0,0,0
christian mccaffrey	85,94,0,0,0,0,0,0,0,0,0,0,0,0,0,0
alex armah	30,3,0,0,0,0,0,0,0,0,0,0,0,0,0,0
c.j. anderson	18,12,0,0,0,0,0,0,0,0,0,0,0,0,0,0
cameron artis-payne	0,0,0,0,0,0,0,0,0,0,0,0,0,0,0,0
devin funchess	85,99,0,0,0,0,0,0,0,0,0,0,0,0,0,0
torrey smith	76,87,0,0,0,0,0,0,0,0,0,0,0,0,0,0
jarius wright	46,67,0,0,0,0,0,0,0,0,0,0,0,0,0,0
d.j. moore	25,25,0,0,0,0,0,0,0,0,0,0,0,0,0,0
damiere byrd	0,0,0,0,0,0,0,0,0,0,0,0,0,0,0,0
ian thomas	55,96,0,0,0,0,0,0,0,0,0,0,0,0,0,0
chris manhertz	51,18,0,0,0,0,0,0,0,0,0,0,0,0,0,0
greg olsen	24,0,0,0,0,0,0,0,0,0,0,0,0,0,0,0
kawann short	55,62,0,0,0,0,0,0,0,0,0,0,0,0,0,0
dontari poe	55,59,0,0,0,0,0,0,0,0,0,0,0,0,0,0
kyle love	48,35,0,0,0,0,0,0,0,0,0,0,0,0,0,0
vernon butler	39,35,0,0,0,0,0,0,0,0,0,0,0,0,0,0
wes horton	67,75,0,0,0,0,0,0,0,0,0,0,0,0,0,0
mario addison	58,81,0,0,0,0,0,0,0,0,0,0,0,0,0,0
julius peppers	38,33,0,0,0,0,0,0,0,0,0,0,0,0,0,0
marquis haynes	0,24,0,0,0,0,0,0,0,0,0,0,0,0,0,0
luke kuechly	98,100,0,0,0,0,0,0,0,0,0,0,0,0,0,0
david mayo	28,43,0,0,0,0,0,0,0,0,0,0,0,0,0,0
jared norris	0,0,0,0,0,0,0,0,0,0,0,0,0,0,0,0
shaq thompson	100,100,0,0,0,0,0,0,0,0,0,0,0,0,0,0
ben jacobs	0,0,0,0,0,0,0,0,0,0,0,0,0,0,0,0
mike adams	100,100,0,0,0,0,0,0,0,0,0,0,0,0,0,0
danorris searcy	64,46,0,0,0,0,0,0,0,0,0,0,0,0,0,0
colin jones	36,10,0,0,0,0,0,0,0,0,0,0,0,0,0,0
rashaan gaulden	0,43,0,0,0,0,0,0,0,0,0,0,0,0,0,0
james bradberry	100,100,0,0,0,0,0,0,0,0,0,0,0,0,0,0
donte jackson	100,67,0,0,0,0,0,0,0,0,0,0,0,0,0,0
captain munnerlyn	73,57,0,0,0,0,0,0,0,0,0,0,0,0,0,0
corn elder	0,32,0,0,0,0,0,0,0,0,0,0,0,0,0,0
lorenzo doss	0,0,0,0,0,0,0,0,0,0,0,0,0,0,0,0
mitchell trubisky	100,100,0,0,0,0,0,0,0,0,0,0,0,0,0,0
jordan howard	71,73,0,0,0,0,0,0,0,0,0,0,0,0,0,0
tarik cohen	40,32,0,0,0,0,0,0,0,0,0,0,0,0,0,0
michael burton	13,0,0,0,0,0,0,0,0,0,0,0,0,0,0,0
benny cunningham	0,0,0,0,0,0,0,0,0,0,0,0,0,0,0,0
allen robinson ii	96,95,0,0,0,0,0,0,0,0,0,0,0,0,0,0
taylor gabriel	86,95,0,0,0,0,0,0,0,0,0,0,0,0,0,0
anthony miller	56,56,0,0,0,0,0,0,0,0,0,0,0,0,0,0
kevin white	17,3,0,0,0,0,0,0,0,0,0,0,0,0,0,0
josh bellamy	3,3,0,0,0,0,0,0,0,0,0,0,0,0,0,0
trey burton	87,86,0,0,0,0,0,0,0,0,0,0,0,0,0,0
dion sims	29,53,0,0,0,0,0,0,0,0,0,0,0,0,0,0
ben braunecker	3,2,0,0,0,0,0,0,0,0,0,0,0,0,0,0
daniel brown	0,2,0,0,0,0,0,0,0,0,0,0,0,0,0,0
eddie goldman	43,53,0,0,0,0,0,0,0,0,0,0,0,0,0,0
bilal nichols	0,17,0,0,0,0,0,0,0,0,0,0,0,0,0,0
akiem hicks	73,73,0,0,0,0,0,0,0,0,0,0,0,0,0,0
aaron lynch	35,45,0,0,0,0,0,0,0,0,0,0,0,0,0,0
roy robertson-harris	37,38,0,0,0,0,0,0,0,0,0,0,0,0,0,0
jonathan bullard	35,29,0,0,0,0,0,0,0,0,0,0,0,0,0,0
danny trevathan	95,88,0,0,0,0,0,0,0,0,0,0,0,0,0,0
roquan smith	13,89,0,0,0,0,0,0,0,0,0,0,0,0,0,0
nick kwiatkoski	78,14,0,0,0,0,0,0,0,0,0,0,0,0,0,0
joel iyiegbuniwe	0,0,0,0,0,0,0,0,0,0,0,0,0,0,0,0
khalil mack	70,73,0,0,0,0,0,0,0,0,0,0,0,0,0,0
leonard floyd	77,59,0,0,0,0,0,0,0,0,0,0,0,0,0,0
sam acho	18,23,0,0,0,0,0,0,0,0,0,0,0,0,0,0
isaiah irving	0,0,0,0,0,0,0,0,0,0,0,0,0,0,0,0
eddie jackson	100,100,0,0,0,0,0,0,0,0,0,0,0,0,0,0
adrian amos	100,100,0,0,0,0,0,0,0,0,0,0,0,0,0,0
deon bush	0,0,0,0,0,0,0,0,0,0,0,0,0,0,0,0
kyle fuller	100,100,0,0,0,0,0,0,0,0,0,0,0,0,0,0
prince amukamara	98,100,0,0,0,0,0,0,0,0,0,0,0,0,0,0
bryce callahan	93,85,0,0,0,0,0,0,0,0,0,0,0,0,0,0
sherrick mcmanis	5,15,0,0,0,0,0,0,0,0,0,0,0,0,0,0
marcus cooper	5,0,0,0,0,0,0,0,0,0,0,0,0,0,0,0
dak prescott	100,100,0,0,0,0,0,0,0,0,0,0,0,0,0,0
ezekiel elliott	92,94,0,0,0,0,0,0,0,0,0,0,0,0,0,0
tavon austin	16,34,0,0,0,0,0,0,0,0,0,0,0,0,0,0
jamize olawale	9,17,0,0,0,0,0,0,0,0,0,0,0,0,0,0
rod smith	6,6,0,0,0,0,0,0,0,0,0,0,0,0,0,0
cole beasley	67,57,0,0,0,0,0,0,0,0,0,0,0,0,0,0
allen hurns	59,51,0,0,0,0,0,0,0,0,0,0,0,0,0,0
michael gallup	45,47,0,0,0,0,0,0,0,0,0,0,0,0,0,0
deonte thompson	47,43,0,0,0,0,0,0,0,0,0,0,0,0,0,0
terrance williams	30,19,0,0,0,0,0,0,0,0,0,0,0,0,0,0
geoff swaim	91,94,0,0,0,0,0,0,0,0,0,0,0,0,0,0
blake jarwin	34,26,0,0,0,0,0,0,0,0,0,0,0,0,0,0
rico gathers	0,9,0,0,0,0,0,0,0,0,0,0,0,0,0,0
dalton schultz	3,0,0,0,0,0,0,0,0,0,0,0,0,0,0,0
tyrone crawford	70,75,0,0,0,0,0,0,0,0,0,0,0,0,0,0
antwaun woods	73,43,0,0,0,0,0,0,0,0,0,0,0,0,0,0
maliek collins	36,46,0,0,0,0,0,0,0,0,0,0,0,0,0,0
taco charlton	73,84,0,0,0,0,0,0,0,0,0,0,0,0,0,0
demarcus lawrence	72,76,0,0,0,0,0,0,0,0,0,0,0,0,0,0
daniel ross	24,32,0,0,0,0,0,0,0,0,0,0,0,0,0,0
dorance armstrong	0,40,0,0,0,0,0,0,0,0,0,0,0,0,0,0
randy gregory	22,0,0,0,0,0,0,0,0,0,0,0,0,0,0,0
leighton vander esch	25,41,0,0,0,0,0,0,0,0,0,0,0,0,0,0
damien wilson	27,25,0,0,0,0,0,0,0,0,0,0,0,0,0,0
joe thomas	4,21,0,0,0,0,0,0,0,0,0,0,0,0,0,0
justin march	10,0,0,0,0,0,0,0,0,0,0,0,0,0,0,0
jaylon smith	93,84,0,0,0,0,0,0,0,0,0,0,0,0,0,0
sean lee	88,60,0,0,0,0,0,0,0,0,0,0,0,0,0,0
kavon frazier	100,100,0,0,0,0,0,0,0,0,0,0,0,0,0,0
jeff heath	100,99,0,0,0,0,0,0,0,0,0,0,0,0,0,0
ibraheim campbell	0,1,0,0,0,0,0,0,0,0,0,0,0,0,0,0
chidobe awuzie	99,100,0,0,0,0,0,0,0,0,0,0,0,0,0,0
byron jones	99,99,0,0,0,0,0,0,0,0,0,0,0,0,0,0
anthony brown	55,74,0,0,0,0,0,0,0,0,0,0,0,0,0,0
jourdan lewis	0,1,0,0,0,0,0,0,0,0,0,0,0,0,0,0
matthew stafford	90,100,0,0,0,0,0,0,0,0,0,0,0,0,0,0
matt cassel	10,0,0,0,0,0,0,0,0,0,0,0,0,0,0,0
theo riddick	59,36,0,0,0,0,0,0,0,0,0,0,0,0,0,0
kerryon johnson	23,47,0,0,0,0,0,0,0,0,0,0,0,0,0,0
legarrette blount	19,22,0,0,0,0,0,0,0,0,0,0,0,0,0,0
marvin jones jr.	89,100,0,0,0,0,0,0,0,0,0,0,0,0,0,0
kenny golladay	93,92,0,0,0,0,0,0,0,0,0,0,0,0,0,0
golden tate	81,84,0,0,0,0,0,0,0,0,0,0,0,0,0,0
t.j. jones	24,21,0,0,0,0,0,0,0,0,0,0,0,0,0,0
bradley marquez	10,0,0,0,0,0,0,0,0,0,0,0,0,0,0,0
luke willson	20,52,0,0,0,0,0,0,0,0,0,0,0,0,0,0
levine toilolo	29,29,0,0,0,0,0,0,0,0,0,0,0,0,0,0
michael roberts	20,9,0,0,0,0,0,0,0,0,0,0,0,0,0,0
hakeem valles	26,0,0,0,0,0,0,0,0,0,0,0,0,0,0,0
sylvester williams	79,58,0,0,0,0,0,0,0,0,0,0,0,0,0,0
dashawn hand	55,59,0,0,0,0,0,0,0,0,0,0,0,0,0,0
ashawn robinson	0,36,0,0,0,0,0,0,0,0,0,0,0,0,0,0
ricky jean-francois	81,55,0,0,0,0,0,0,0,0,0,0,0,0,0,0
kerry hyder jr	78,16,0,0,0,0,0,0,0,0,0,0,0,0,0,0
romeo okwara	0,48,0,0,0,0,0,0,0,0,0,0,0,0,0,0
ezekiel ansah	33,0,0,0,0,0,0,0,0,0,0,0,0,0,0,0
jarrad davis	100,100,0,0,0,0,0,0,0,0,0,0,0,0,0,0
christian jones	47,92,0,0,0,0,0,0,0,0,0,0,0,0,0,0
nick bellore	0,0,0,0,0,0,0,0,0,0,0,0,0,0,0,0
devon kennard	100,100,0,0,0,0,0,0,0,0,0,0,0,0,0,0
eli harold	16,39,0,0,0,0,0,0,0,0,0,0,0,0,0,0
jalen reeves-maybin	45,5,0,0,0,0,0,0,0,0,0,0,0,0,0,0
marquis flowers	21,0,0,0,0,0,0,0,0,0,0,0,0,0,0,0
quandre diggs	100,100,0,0,0,0,0,0,0,0,0,0,0,0,0,0
glover quin	69,100,0,0,0,0,0,0,0,0,0,0,0,0,0,0
tavon wilson	81,50,0,0,0,0,0,0,0,0,0,0,0,0,0,0
miles killebrew	0,0,0,0,0,0,0,0,0,0,0,0,0,0,0,0
charles washington	0,0,0,0,0,0,0,0,0,0,0,0,0,0,0,0
darius slay	93,64,0,0,0,0,0,0,0,0,0,0,0,0,0,0
nevin lawson	97,58,0,0,0,0,0,0,0,0,0,0,0,0,0,0
teez tabor	3,78,0,0,0,0,0,0,0,0,0,0,0,0,0,0
jamal agnew	40,27,0,0,0,0,0,0,0,0,0,0,0,0,0,0
aaron rodgers	77,100,0,0,0,0,0,0,0,0,0,0,0,0,0,0
deshone kizer	23,0,0,0,0,0,0,0,0,0,0,0,0,0,0,0
jamaal williams	62,61,0,0,0,0,0,0,0,0,0,0,0,0,0,0
ty montgomery	38,34,0,0,0,0,0,0,0,0,0,0,0,0,0,0
darius jackson	0,0,0,0,0,0,0,0,0,0,0,0,0,0,0,0
davante adams	98,97,0,0,0,0,0,0,0,0,0,0,0,0,0,0
randall cobb	87,92,0,0,0,0,0,0,0,0,0,0,0,0,0,0
geronimo allison	70,79,0,0,0,0,0,0,0,0,0,0,0,0,0,0
marquez valdes-scantling	3,8,0,0,0,0,0,0,0,0,0,0,0,0,0,0
equanimeous st. brown	0,0,0,0,0,0,0,0,0,0,0,0,0,0,0,0
jimmy graham	98,75,0,0,0,0,0,0,0,0,0,0,0,0,0,0
lance kendricks	32,35,0,0,0,0,0,0,0,0,0,0,0,0,0,0
marcedes lewis	12,18,0,0,0,0,0,0,0,0,0,0,0,0,0,0
robert tonyan	0,0,0,0,0,0,0,0,0,0,0,0,0,0,0,0
kenny clark	77,75,0,0,0,0,0,0,0,0,0,0,0,0,0,0
montravius adams	3,8,0,0,0,0,0,0,0,0,0,0,0,0,0,0
muhammad wilkerson	61,67,0,0,0,0,0,0,0,0,0,0,0,0,0,0
mike daniels	47,62,0,0,0,0,0,0,0,0,0,0,0,0,0,0
dean lowry	21,25,0,0,0,0,0,0,0,0,0,0,0,0,0,0
blake martinez	100,100,0,0,0,0,0,0,0,0,0,0,0,0,0,0
reggie gilbert	53,47,0,0,0,0,0,0,0,0,0,0,0,0,0,0
antonio morrison	16,30,0,0,0,0,0,0,0,0,0,0,0,0,0,0
korey toomer	0,10,0,0,0,0,0,0,0,0,0,0,0,0,0,0
clay matthews	86,77,0,0,0,0,0,0,0,0,0,0,0,0,0,0
nick perry	59,55,0,0,0,0,0,0,0,0,0,0,0,0,0,0
kyler fackrell	6,18,0,0,0,0,0,0,0,0,0,0,0,0,0,0
ha ha clinton-dix	100,100,0,0,0,0,0,0,0,0,0,0,0,0,0,0
kentrell brice	100,100,0,0,0,0,0,0,0,0,0,0,0,0,0,0
jermaine whitehead	36,34,0,0,0,0,0,0,0,0,0,0,0,0,0,0
tramon williams	100,100,0,0,0,0,0,0,0,0,0,0,0,0,0,0
jaire alexander	70,77,0,0,0,0,0,0,0,0,0,0,0,0,0,0
kevin king	100,36,0,0,0,0,0,0,0,0,0,0,0,0,0,0
josh jackson	66,47,0,0,0,0,0,0,0,0,0,0,0,0,0,0
davon house	0,33,0,0,0,0,0,0,0,0,0,0,0,0,0,0
jared goff	100,100,0,0,0,0,0,0,0,0,0,0,0,0,0,0
todd gurley ii	94,68,0,0,0,0,0,0,0,0,0,0,0,0,0,0
malcolm brown	6,32,0,0,0,0,0,0,0,0,0,0,0,0,0,0
justin davis	0,0,0,0,0,0,0,0,0,0,0,0,0,0,0,0
cooper kupp	97,100,0,0,0,0,0,0,0,0,0,0,0,0,0,0
brandin cooks	97,100,0,0,0,0,0,0,0,0,0,0,0,0,0,0
robert woods	97,97,0,0,0,0,0,0,0,0,0,0,0,0,0,0
josh reynolds	3,3,0,0,0,0,0,0,0,0,0,0,0,0,0,0
jojo natson	0,0,0,0,0,0,0,0,0,0,0,0,0,0,0,0
mike thomas	0,0,0,0,0,0,0,0,0,0,0,0,0,0,0,0
pharoh cooper	0,0,0,0,0,0,0,0,0,0,0,0,0,0,0,0
tyler higbee	95,89,0,0,0,0,0,0,0,0,0,0,0,0,0,0
gerald everett	8,11,0,0,0,0,0,0,0,0,0,0,0,0,0,0
johnny mundt	3,0,0,0,0,0,0,0,0,0,0,0,0,0,0,0
ndamukong suh	78,94,0,0,0,0,0,0,0,0,0,0,0,0,0,0
michael brockers	65,60,0,0,0,0,0,0,0,0,0,0,0,0,0,0
aaron donald	89,86,0,0,0,0,0,0,0,0,0,0,0,0,0,0
dominique easley	43,63,0,0,0,0,0,0,0,0,0,0,0,0,0,0
john franklin-myers	34,69,0,0,0,0,0,0,0,0,0,0,0,0,0,0
ethan westbrooks	19,40,0,0,0,0,0,0,0,0,0,0,0,0,0,0
justin lawler	1,3,0,0,0,0,0,0,0,0,0,0,0,0,0,0
cory littleton	100,97,0,0,0,0,0,0,0,0,0,0,0,0,0,0
ramik wilson	47,57,0,0,0,0,0,0,0,0,0,0,0,0,0,0
bryce hager	0,29,0,0,0,0,0,0,0,0,0,0,0,0,0,0
micah kiser	0,0,0,0,0,0,0,0,0,0,0,0,0,0,0,0
samson ebukam	77,89,0,0,0,0,0,0,0,0,0,0,0,0,0,0
matt longacre	30,57,0,0,0,0,0,0,0,0,0,0,0,0,0,0
lamarcus joyner	100,100,0,0,0,0,0,0,0,0,0,0,0,0,0,0
john johnson iii	100,100,0,0,0,0,0,0,0,0,0,0,0,0,0,0
marqui christian	53,86,0,0,0,0,0,0,0,0,0,0,0,0,0,0
isaiah johnson	0,14,0,0,0,0,0,0,0,0,0,0,0,0,0,0
marcus peters	100,100,0,0,0,0,0,0,0,0,0,0,0,0,0,0
aqib talib	100,100,0,0,0,0,0,0,0,0,0,0,0,0,0,0
nickell robey-coleman	64,83,0,0,0,0,0,0,0,0,0,0,0,0,0,0
sam shields	0,31,0,0,0,0,0,0,0,0,0,0,0,0,0,0
blake countess	0,29,0,0,0,0,0,0,0,0,0,0,0,0,0,0
troy hill	0,29,0,0,0,0,0,0,0,0,0,0,0,0,0,0
kirk cousins	100,100,0,0,0,0,0,0,0,0,0,0,0,0,0,0
dalvin cook	80,68,0,0,0,0,0,0,0,0,0,0,0,0,0,0
latavius murray	20,32,0,0,0,0,0,0,0,0,0,0,0,0,0,0
c.j. ham	18,10,0,0,0,0,0,0,0,0,0,0,0,0,0,0
adam thielen	96,96,0,0,0,0,0,0,0,0,0,0,0,0,0,0
stefon diggs	86,85,0,0,0,0,0,0,0,0,0,0,0,0,0,0
laquon treadwell	54,62,0,0,0,0,0,0,0,0,0,0,0,0,0,0
stacy coley	8,18,0,0,0,0,0,0,0,0,0,0,0,0,0,0
brandon zylstra	0,3,0,0,0,0,0,0,0,0,0,0,0,0,0,0
kyle rudolph	83,86,0,0,0,0,0,0,0,0,0,0,0,0,0,0
david morgan	42,30,0,0,0,0,0,0,0,0,0,0,0,0,0,0
tyler conklin	13,11,0,0,0,0,0,0,0,0,0,0,0,0,0,0
kevin mcdermott	0,0,0,0,0,0,0,0,0,0,0,0,0,0,0,0
linval joseph	74,84,0,0,0,0,0,0,0,0,0,0,0,0,0,0
sheldon richardson	70,73,0,0,0,0,0,0,0,0,0,0,0,0,0,0
jaleel johnson	33,25,0,0,0,0,0,0,0,0,0,0,0,0,0,0
david parry	21,16,0,0,0,0,0,0,0,0,0,0,0,0,0,0
danielle hunter	88,87,0,0,0,0,0,0,0,0,0,0,0,0,0,0
everson griffen	77,90,0,0,0,0,0,0,0,0,0,0,0,0,0,0
stephen weatherly	21,25,0,0,0,0,0,0,0,0,0,0,0,0,0,0
eric kendricks	100,100,0,0,0,0,0,0,0,0,0,0,0,0,0,0
ben gedeon	44,8,0,0,0,0,0,0,0,0,0,0,0,0,0,0
eric wilson	3,0,0,0,0,0,0,0,0,0,0,0,0,0,0,0
anthony barr	100,100,0,0,0,0,0,0,0,0,0,0,0,0,0,0
tashawn bower	14,0,0,0,0,0,0,0,0,0,0,0,0,0,0,0
harrison smith	100,100,0,0,0,0,0,0,0,0,0,0,0,0,0,0
andrew sendejo	100,100,0,0,0,0,0,0,0,0,0,0,0,0,0,0
jayron kearse	33,4,0,0,0,0,0,0,0,0,0,0,0,0,0,0
george iloka	0,0,0,0,0,0,0,0,0,0,0,0,0,0,0,0
anthony harris	0,0,0,0,0,0,0,0,0,0,0,0,0,0,0,0
xavier rhodes	100,100,0,0,0,0,0,0,0,0,0,0,0,0,0,0
trae waynes	36,92,0,0,0,0,0,0,0,0,0,0,0,0,0,0
mike hughes	79,27,0,0,0,0,0,0,0,0,0,0,0,0,0,0
mackensie alexander	0,70,0,0,0,0,0,0,0,0,0,0,0,0,0,0
marcus sherels	0,0,0,0,0,0,0,0,0,0,0,0,0,0,0,0
drew brees	100,100,0,0,0,0,0,0,0,0,0,0,0,0,0,0
taysom hill	2,0,0,0,0,0,0,0,0,0,0,0,0,0,0,0
alvin kamara	81,77,0,0,0,0,0,0,0,0,0,0,0,0,0,0
zach line	17,33,0,0,0,0,0,0,0,0,0,0,0,0,0,0
mike gillislee	11,14,0,0,0,0,0,0,0,0,0,0,0,0,0,0
jonathan williams	5,9,0,0,0,0,0,0,0,0,0,0,0,0,0,0
michael thomas	95,88,0,0,0,0,0,0,0,0,0,0,0,0,0,0
ted ginn jr.	78,45,0,0,0,0,0,0,0,0,0,0,0,0,0,0
austin carr	67,48,0,0,0,0,0,0,0,0,0,0,0,0,0,0
trequan smith	19,33,0,0,0,0,0,0,0,0,0,0,0,0,0,0
tommylee lewis	8,3,0,0,0,0,0,0,0,0,0,0,0,0,0,0
justin hardee	0,0,0,0,0,0,0,0,0,0,0,0,0,0,0,0
benjamin watson	80,82,0,0,0,0,0,0,0,0,0,0,0,0,0,0
josh hill	38,59,0,0,0,0,0,0,0,0,0,0,0,0,0,0
sheldon rankins	64,81,0,0,0,0,0,0,0,0,0,0,0,0,0,0
david onyemata	58,68,0,0,0,0,0,0,0,0,0,0,0,0,0,0
tyeler davison	79,0,0,0,0,0,0,0,0,0,0,0,0,0,0,0
cameron jordan	91,97,0,0,0,0,0,0,0,0,0,0,0,0,0,0
alex okafor	56,63,0,0,0,0,0,0,0,0,0,0,0,0,0,0
marcus davenport	35,37,0,0,0,0,0,0,0,0,0,0,0,0,0,0
trey hendrickson	21,0,0,0,0,0,0,0,0,0,0,0,0,0,0,0
demario davis	100,68,0,0,0,0,0,0,0,0,0,0,0,0,0,0
a.j. klein	38,77,0,0,0,0,0,0,0,0,0,0,0,0,0,0
manti teo	41,56,0,0,0,0,0,0,0,0,0,0,0,0,0,0
alex anzalone	52,37,0,0,0,0,0,0,0,0,0,0,0,0,0,0
craig robertson	0,0,0,0,0,0,0,0,0,0,0,0,0,0,0,0
marcus williams	100,100,0,0,0,0,0,0,0,0,0,0,0,0,0,0
vonn bell	45,65,0,0,0,0,0,0,0,0,0,0,0,0,0,0
kurt coleman	56,37,0,0,0,0,0,0,0,0,0,0,0,0,0,0
chris banjo	0,0,0,0,0,0,0,0,0,0,0,0,0,0,0,0
marshon lattimore	98,98,0,0,0,0,0,0,0,0,0,0,0,0,0,0
ken crawley	97,98,0,0,0,0,0,0,0,0,0,0,0,0,0,0
patrick robinson	70,66,0,0,0,0,0,0,0,0,0,0,0,0,0,0
p.j. williams	0,3,0,0,0,0,0,0,0,0,0,0,0,0,0,0
arthur maulet	0,0,0,0,0,0,0,0,0,0,0,0,0,0,0,0
eli manning	100,100,0,0,0,0,0,0,0,0,0,0,0,0,0,0
alex tanney	0,0,0,0,0,0,0,0,0,0,0,0,0,0,0,0
saquon barkley	77,85,0,0,0,0,0,0,0,0,0,0,0,0,0,0
jonathan stewart	14,7,0,0,0,0,0,0,0,0,0,0,0,0,0,0
wayne gallman	8,7,0,0,0,0,0,0,0,0,0,0,0,0,0,0
shane smith	7,6,0,0,0,0,0,0,0,0,0,0,0,0,0,0
odell beckham jr.	96,97,0,0,0,0,0,0,0,0,0,0,0,0,0,0
sterling shepard	86,96,0,0,0,0,0,0,0,0,0,0,0,0,0,0
cody latimer	66,65,0,0,0,0,0,0,0,0,0,0,0,0,0,0
russell shepard	4,9,0,0,0,0,0,0,0,0,0,0,0,0,0,0
kaelin clay	0,0,0,0,0,0,0,0,0,0,0,0,0,0,0,0
evan engram	90,88,0,0,0,0,0,0,0,0,0,0,0,0,0,0
rhett ellison	41,35,0,0,0,0,0,0,0,0,0,0,0,0,0,0
scott simonson	6,4,0,0,0,0,0,0,0,0,0,0,0,0,0,0
dalvin tomlinson	73,74,0,0,0,0,0,0,0,0,0,0,0,0,0,0
damon harrison	71,64,0,0,0,0,0,0,0,0,0,0,0,0,0,0
b.j. hill	37,42,0,0,0,0,0,0,0,0,0,0,0,0,0,0
john jenkins	0,0,0,0,0,0,0,0,0,0,0,0,0,0,0,0
kareem martin	97,89,0,0,0,0,0,0,0,0,0,0,0,0,0,0
connor barwin	65,68,0,0,0,0,0,0,0,0,0,0,0,0,0,0
kerry wynn	32,38,0,0,0,0,0,0,0,0,0,0,0,0,0,0
mario edwards jr	10,4,0,0,0,0,0,0,0,0,0,0,0,0,0,0
alec ogletree	100,100,0,0,0,0,0,0,0,0,0,0,0,0,0,0
b.j. goodson	52,57,0,0,0,0,0,0,0,0,0,0,0,0,0,0
nathan stupar	0,0,0,0,0,0,0,0,0,0,0,0,0,0,0,0
ray-ray armstrong	48,43,0,0,0,0,0,0,0,0,0,0,0,0,0,0
lorenzo carter	38,40,0,0,0,0,0,0,0,0,0,0,0,0,0,0
landon collins	100,100,0,0,0,0,0,0,0,0,0,0,0,0,0,0
curtis riley	97,98,0,0,0,0,0,0,0,0,0,0,0,0,0,0
michael thomas	16,4,0,0,0,0,0,0,0,0,0,0,0,0,0,0
janoris jenkins	98,100,0,0,0,0,0,0,0,0,0,0,0,0,0,0
eli apple	100,62,0,0,0,0,0,0,0,0,0,0,0,0,0,0
b.w. webb	54,77,0,0,0,0,0,0,0,0,0,0,0,0,0,0
donte deayon	0,25,0,0,0,0,0,0,0,0,0,0,0,0,0,0
antonio hamilton	0,0,0,0,0,0,0,0,0,0,0,0,0,0,0,0
nick foles	100,100,0,0,0,0,0,0,0,0,0,0,0,0,0,0
jay ajayi	40,28,0,0,0,0,0,0,0,0,0,0,0,0,0,0
corey clement	18,42,0,0,0,0,0,0,0,0,0,0,0,0,0,0
darren sproles	40,0,0,0,0,0,0,0,0,0,0,0,0,0,0,0
wendell smallwood	1,30,0,0,0,0,0,0,0,0,0,0,0,0,0,0
nelson agholor	94,91,0,0,0,0,0,0,0,0,0,0,0,0,0,0
mike wallace	92,9,0,0,0,0,0,0,0,0,0,0,0,0,0,0
deandre carter	74,24,0,0,0,0,0,0,0,0,0,0,0,0,0,0
kamar aiken	0,78,0,0,0,0,0,0,0,0,0,0,0,0,0,0
shelton gibson	6,44,0,0,0,0,0,0,0,0,0,0,0,0,0,0
markus wheaton	3,0,0,0,0,0,0,0,0,0,0,0,0,0,0,0
zach ertz	97,94,0,0,0,0,0,0,0,0,0,0,0,0,0,0
dallas goedert	24,22,0,0,0,0,0,0,0,0,0,0,0,0,0,0
josh perkins	6,33,0,0,0,0,0,0,0,0,0,0,0,0,0,0
fletcher cox	93,79,0,0,0,0,0,0,0,0,0,0,0,0,0,0
haloti ngata	24,62,0,0,0,0,0,0,0,0,0,0,0,0,0,0
destiny vaeao	39,40,0,0,0,0,0,0,0,0,0,0,0,0,0,0
brandon graham	66,67,0,0,0,0,0,0,0,0,0,0,0,0,0,0
derek barnett	57,60,0,0,0,0,0,0,0,0,0,0,0,0,0,0
michael bennett	64,41,0,0,0,0,0,0,0,0,0,0,0,0,0,0
chris long	56,43,0,0,0,0,0,0,0,0,0,0,0,0,0,0
jordan hicks	100,100,0,0,0,0,0,0,0,0,0,0,0,0,0,0
kamu grugier-hill	40,38,0,0,0,0,0,0,0,0,0,0,0,0,0,0
nigel bradham	0,81,0,0,0,0,0,0,0,0,0,0,0,0,0,0
nathan gerry	37,7,0,0,0,0,0,0,0,0,0,0,0,0,0,0
laroy reynolds	1,0,0,0,0,0,0,0,0,0,0,0,0,0,0,0
d.j. alexander	0,0,0,0,0,0,0,0,0,0,0,0,0,0,0,0
malcolm jenkins	100,100,0,0,0,0,0,0,0,0,0,0,0,0,0,0
rodney mcleod	100,100,0,0,0,0,0,0,0,0,0,0,0,0,0,0
corey graham	57,28,0,0,0,0,0,0,0,0,0,0,0,0,0,0
jalen mills	96,100,0,0,0,0,0,0,0,0,0,0,0,0,0,0
ronald darby	93,93,0,0,0,0,0,0,0,0,0,0,0,0,0,0
sidney jones	64,53,0,0,0,0,0,0,0,0,0,0,0,0,0,0
rasul douglas	3,2,0,0,0,0,0,0,0,0,0,0,0,0,0,0
avonte maddox	0,0,0,0,0,0,0,0,0,0,0,0,0,0,0,0
deiondre hall	0,0,0,0,0,0,0,0,0,0,0,0,0,0,0,0
russell wilson	100,100,0,0,0,0,0,0,0,0,0,0,0,0,0,0
rashaad penny	44,30,0,0,0,0,0,0,0,0,0,0,0,0,0,0
chris carson	44,29,0,0,0,0,0,0,0,0,0,0,0,0,0,0
c.j. prosise	12,27,0,0,0,0,0,0,0,0,0,0,0,0,0,0
tre madden	11,9,0,0,0,0,0,0,0,0,0,0,0,0,0,0
mike davis	0,14,0,0,0,0,0,0,0,0,0,0,0,0,0,0
tyler lockett	98,91,0,0,0,0,0,0,0,0,0,0,0,0,0,0
brandon marshall	65,80,0,0,0,0,0,0,0,0,0,0,0,0,0,0
jaron brown	58,71,0,0,0,0,0,0,0,0,0,0,0,0,0,0
david moore	28,30,0,0,0,0,0,0,0,0,0,0,0,0,0,0
doug baldwin	19,0,0,0,0,0,0,0,0,0,0,0,0,0,0,0
keenan reynolds	0,8,0,0,0,0,0,0,0,0,0,0,0,0,0,0
will dissly	58,71,0,0,0,0,0,0,0,0,0,0,0,0,0,0
nick vannett	61,39,0,0,0,0,0,0,0,0,0,0,0,0,0,0
darrell daniels	0,0,0,0,0,0,0,0,0,0,0,0,0,0,0,0
jarran reed	80,77,0,0,0,0,0,0,0,0,0,0,0,0,0,0
quinton jefferson	65,58,0,0,0,0,0,0,0,0,0,0,0,0,0,0
shamar stephen	54,65,0,0,0,0,0,0,0,0,0,0,0,0,0,0
tom johnson	53,0,0,0,0,0,0,0,0,0,0,0,0,0,0,0
nazair jones	0,18,0,0,0,0,0,0,0,0,0,0,0,0,0,0
frank clark	58,76,0,0,0,0,0,0,0,0,0,0,0,0,0,0
rasheem green	62,41,0,0,0,0,0,0,0,0,0,0,0,0,0,0
dion jordan	20,21,0,0,0,0,0,0,0,0,0,0,0,0,0,0
austin calitro	45,100,0,0,0,0,0,0,0,0,0,0,0,0,0,0
bobby wagner	100,0,0,0,0,0,0,0,0,0,0,0,0,0,0,0
barkevious mingo	51,80,0,0,0,0,0,0,0,0,0,0,0,0,0,0
mychal kendricks	0,82,0,0,0,0,0,0,0,0,0,0,0,0,0,0
shaquem griffin	55,0,0,0,0,0,0,0,0,0,0,0,0,0,0,0
jermaine grace	0,0,0,0,0,0,0,0,0,0,0,0,0,0,0,0
earl thomas	86,98,0,0,0,0,0,0,0,0,0,0,0,0,0,0
bradley mcdougald	82,100,0,0,0,0,0,0,0,0,0,0,0,0,0,0
akeem king	3,100,0,0,0,0,0,0,0,0,0,0,0,0,0,0
tedric thompson	14,20,0,0,0,0,0,0,0,0,0,0,0,0,0,0
delano hill	18,0,0,0,0,0,0,0,0,0,0,0,0,0,0,0
shaquill griffin	100,100,0,0,0,0,0,0,0,0,0,0,0,0,0,0
tre flowers	97,0,0,0,0,0,0,0,0,0,0,0,0,0,0,0
justin coleman	49,30,0,0,0,0,0,0,0,0,0,0,0,0,0,0
neiko thorpe	0,0,0,0,0,0,0,0,0,0,0,0,0,0,0,0
jimmy garoppolo	100,100,0,0,0,0,0,0,0,0,0,0,0,0,0,0
kyle juszczyk	39,63,0,0,0,0,0,0,0,0,0,0,0,0,0,0
alfred morris	52,48,0,0,0,0,0,0,0,0,0,0,0,0,0,0
matt breida	45,41,0,0,0,0,0,0,0,0,0,0,0,0,0,0
raheem mostert	2,0,0,0,0,0,0,0,0,0,0,0,0,0,0,0
dante pettis	73,88,0,0,0,0,0,0,0,0,0,0,0,0,0,0
pierre garcon	80,75,0,0,0,0,0,0,0,0,0,0,0,0,0,0
trent taylor	56,25,0,0,0,0,0,0,0,0,0,0,0,0,0,0
kendrick bourne	12,16,0,0,0,0,0,0,0,0,0,0,0,0,0,0
marquise goodwin	26,0,0,0,0,0,0,0,0,0,0,0,0,0,0,0
richie james	0,11,0,0,0,0,0,0,0,0,0,0,0,0,0,0
george kittle	77,78,0,0,0,0,0,0,0,0,0,0,0,0,0,0
garrett celek	35,47,0,0,0,0,0,0,0,0,0,0,0,0,0,0
cole wick	2,9,0,0,0,0,0,0,0,0,0,0,0,0,0,0
deforest buckner	75,83,0,0,0,0,0,0,0,0,0,0,0,0,0,0
earl mitchell	45,32,0,0,0,0,0,0,0,0,0,0,0,0,0,0
sheldon day	24,26,0,0,0,0,0,0,0,0,0,0,0,0,0,0
arik armstead	83,70,0,0,0,0,0,0,0,0,0,0,0,0,0,0
cassius marsh	55,70,0,0,0,0,0,0,0,0,0,0,0,0,0,0
solomon thomas	49,48,0,0,0,0,0,0,0,0,0,0,0,0,0,0
ronald blair iii	34,52,0,0,0,0,0,0,0,0,0,0,0,0,0,0
brock coyle	86,0,0,0,0,0,0,0,0,0,0,0,0,0,0,0
fred warner	100,100,0,0,0,0,0,0,0,0,0,0,0,0,0,0
elijah lee	14,94,0,0,0,0,0,0,0,0,0,0,0,0,0,0
mark nzeocha	46,21,0,0,0,0,0,0,0,0,0,0,0,0,0,0
terence garvin	0,0,0,0,0,0,0,0,0,0,0,0,0,0,0,0
adrian colbert	100,100,0,0,0,0,0,0,0,0,0,0,0,0,0,0
jaquiski tartt	100,92,0,0,0,0,0,0,0,0,0,0,0,0,0,0
tarvarius moore	0,0,0,0,0,0,0,0,0,0,0,0,0,0,0,0
richard sherman	100,100,0,0,0,0,0,0,0,0,0,0,0,0,0,0
ahkello witherspoon	100,83,0,0,0,0,0,0,0,0,0,0,0,0,0,0
kwaun williams	54,79,0,0,0,0,0,0,0,0,0,0,0,0,0,0
jimmie ward	7,25,0,0,0,0,0,0,0,0,0,0,0,0,0,0
antone exum jr	0,8,0,0,0,0,0,0,0,0,0,0,0,0,0,0
d.j. reed	0,0,0,0,0,0,0,0,0,0,0,0,0,0,0,0
greg mabin	0,0,0,0,0,0,0,0,0,0,0,0,0,0,0,0
ryan fitzpatrick	100,100,0,0,0,0,0,0,0,0,0,0,0,0,0,0
peyton barber	73,62,0,0,0,0,0,0,0,0,0,0,0,0,0,0
jacquizz rodgers	23,31,0,0,0,0,0,0,0,0,0,0,0,0,0,0
shaun wilson	3,5,0,0,0,0,0,0,0,0,0,0,0,0,0,0
mike evans	76,81,0,0,0,0,0,0,0,0,0,0,0,0,0,0
chris godwin	70,50,0,0,0,0,0,0,0,0,0,0,0,0,0,0
adam humphries	67,50,0,0,0,0,0,0,0,0,0,0,0,0,0,0
desean jackson	30,59,0,0,0,0,0,0,0,0,0,0,0,0,0,0
freddie martino	20,10,0,0,0,0,0,0,0,0,0,0,0,0,0,0
o.j. howard	65,79,0,0,0,0,0,0,0,0,0,0,0,0,0,0
cameron brate	36,24,0,0,0,0,0,0,0,0,0,0,0,0,0,0
antony auclair	15,29,0,0,0,0,0,0,0,0,0,0,0,0,0,0
alan cross	23,19,0,0,0,0,0,0,0,0,0,0,0,0,0,0
gerald mccoy	92,82,0,0,0,0,0,0,0,0,0,0,0,0,0,0
beau allen	48,25,0,0,0,0,0,0,0,0,0,0,0,0,0,0
jason pierre-paul	75,85,0,0,0,0,0,0,0,0,0,0,0,0,0,0
vinny curry	75,63,0,0,0,0,0,0,0,0,0,0,0,0,0,0
william gholston	39,54,0,0,0,0,0,0,0,0,0,0,0,0,0,0
carl nassib	42,43,0,0,0,0,0,0,0,0,0,0,0,0,0,0
jerel worthy	23,29,0,0,0,0,0,0,0,0,0,0,0,0,0,0
will clarke	0,16,0,0,0,0,0,0,0,0,0,0,0,0,0,0
noah spence	6,0,0,0,0,0,0,0,0,0,0,0,0,0,0,0
kwon alexander	100,100,0,0,0,0,0,0,0,0,0,0,0,0,0,0
jack cichy	0,0,0,0,0,0,0,0,0,0,0,0,0,0,0,0
lavonte david	100,100,0,0,0,0,0,0,0,0,0,0,0,0,0,0
adarius taylor	31,15,0,0,0,0,0,0,0,0,0,0,0,0,0,0
cameron lynch	0,0,0,0,0,0,0,0,0,0,0,0,0,0,0,0
justin evans	98,100,0,0,0,0,0,0,0,0,0,0,0,0,0,0
chris conte	100,54,0,0,0,0,0,0,0,0,0,0,0,0,0,0
jordan whitehead	2,46,0,0,0,0,0,0,0,0,0,0,0,0,0,0
carlton davis	88,97,0,0,0,0,0,0,0,0,0,0,0,0,0,0
ryan smith	69,90,0,0,0,0,0,0,0,0,0,0,0,0,0,0
m.j. stewart	28,85,0,0,0,0,0,0,0,0,0,0,0,0,0,0
vernon hargreaves iii	83,0,0,0,0,0,0,0,0,0,0,0,0,0,0,0
marcus williams	0,10,0,0,0,0,0,0,0,0,0,0,0,0,0,0
javien elliott	0,1,0,0,0,0,0,0,0,0,0,0,0,0,0,0
brent grimes	0,0,0,0,0,0,0,0,0,0,0,0,0,0,0,0
alex smith	100,100,0,0,0,0,0,0,0,0,0,0,0,0,0,0
chris thompson	42,68,0,0,0,0,0,0,0,0,0,0,0,0,0,0
adrian peterson	53,34,0,0,0,0,0,0,0,0,0,0,0,0,0,0
rob kelley	10,1,0,0,0,0,0,0,0,0,0,0,0,0,0,0
josh doctson	89,96,0,0,0,0,0,0,0,0,0,0,0,0,0,0
paul richardson jr	77,92,0,0,0,0,0,0,0,0,0,0,0,0,0,0
jamison crowder	62,93,0,0,0,0,0,0,0,0,0,0,0,0,0,0
trey quinn	10,0,0,0,0,0,0,0,0,0,0,0,0,0,0,0
brian quick	0,8,0,0,0,0,0,0,0,0,0,0,0,0,0,0
jehu chesson	0,1,0,0,0,0,0,0,0,0,0,0,0,0,0,0
cam sims	0,0,0,0,0,0,0,0,0,0,0,0,0,0,0,0
jordan reed	52,54,0,0,0,0,0,0,0,0,0,0,0,0,0,0
vernon davis	59,35,0,0,0,0,0,0,0,0,0,0,0,0,0,0
jeremy sprinkle	43,18,0,0,0,0,0,0,0,0,0,0,0,0,0,0
daron payne	57,64,0,0,0,0,0,0,0,0,0,0,0,0,0,0
matthew ioannidis	51,61,0,0,0,0,0,0,0,0,0,0,0,0,0,0
evander hood	38,30,0,0,0,0,0,0,0,0,0,0,0,0,0,0
tim settle	15,10,0,0,0,0,0,0,0,0,0,0,0,0,0,0
jonathan allen	53,70,0,0,0,0,0,0,0,0,0,0,0,0,0,0
mason foster	70,98,0,0,0,0,0,0,0,0,0,0,0,0,0,0
zach brown	68,84,0,0,0,0,0,0,0,0,0,0,0,0,0,0
josh harvey-clemons	32,16,0,0,0,0,0,0,0,0,0,0,0,0,0,0
zach vigil	30,2,0,0,0,0,0,0,0,0,0,0,0,0,0,0
ryan kerrigan	68,82,0,0,0,0,0,0,0,0,0,0,0,0,0,0
preston smith	74,77,0,0,0,0,0,0,0,0,0,0,0,0,0,0
ryan anderson	30,23,0,0,0,0,0,0,0,0,0,0,0,0,0,0
pernell mcphee	28,18,0,0,0,0,0,0,0,0,0,0,0,0,0,0
montae nicholson	100,100,0,0,0,0,0,0,0,0,0,0,0,0,0,0
d.j. swearinger sr	100,100,0,0,0,0,0,0,0,0,0,0,0,0,0,0
deshazor everett	4,3,0,0,0,0,0,0,0,0,0,0,0,0,0,0
troy apke	0,0,0,0,0,0,0,0,0,0,0,0,0,0,0,0
kenny ladler	0,0,0,0,0,0,0,0,0,0,0,0,0,0,0,0
josh norman	100,100,0,0,0,0,0,0,0,0,0,0,0,0,0,0
quinton dunbar	75,98,0,0,0,0,0,0,0,0,0,0,0,0,0,0
fabian moreau	87,64,0,0,0,0,0,0,0,0,0,0,0,0,0,0
